59716	24 Jun 16	09:33:00	1	0	0	0	0	0	1	3	1	1	0	0	0	0	0	0	0	0	0	0	0	0	0	0	0	0	0	0	0	0	0	0	0	0	0	0	0	0	0
59717	24 Jun 16	09:33:10	1	0	0	0	0	0	1	8	7	7	0	7	10	5	0	0	0	0	0	0	0	0	0	0	0	0	0	0	0	0	0	0	0	0	0	0	0	0	0
59718	24 Jun 16	09:33:20	1	0	0	0	0	0	1	7	8	4	0	6	7	7	0	0	0	0	0	0	0	0	0	0	0	0	0	0	0	0	0	0	0	0	0	0	0	0	0
59719	24 Jun 16	09:33:30	1	0	0	0	0	0	1	4	3	4	0	1	3	3	0	0	0	0	0	0	0	0	0	0	0	0	0	0	0	0	0	0	0	0	0	0	0	0	0
59720	24 Jun 16	09:33:40	1	0	0	0	0	0	1	3	3	3	0	4	4	3	0	0	0	0	0	0	0	0	0	0	0	0	0	0	0	0	0	0	0	0	0	0	0	0	0
59721	24 Jun 16	09:33:50	1	0	0	0	0	0	1	7	4	5	0	3	4	3	0	0	0	0	0	0	0	0	0	0	0	0	0	0	0	0	0	0	0	0	0	0	0	0	0
59722	24 Jun 16	09:34:00	1	0	0	0	0	0	1	4	0	5	0	3	5	3	0	0	0	0	0	0	0	0	0	0	0	0	0	0	0	0	0	0	0	0	0	0	0	0	0
59723	24 Jun 16	09:34:10	1	0	0	0	0	0	1	2	3	2	0	1	0	4	0	0	0	0	0	0	0	0	0	0	0	0	0	0	0	0	0	0	0	0	0	0	0	0	0
59724	24 Jun 16	09:34:20	1	0	0	0	0	0	1	10	6	7	0	9	9	8	0	0	0	0	0	0	0	0	0	0	0	0	0	0	0	0	0	0	0	0	0	0	0	0	0
59725	24 Jun 16	09:34:30	1	0	0	0	0	0	1	8	9	11	2	10	9	6	3	0	0	0	0	0	0	0	0	0	0	0	0	0	0	0	0	0	0	0	0	0	0	0	0
59726	24 Jun 16	09:34:40	1	0	0	0	0	0	1	4	6	7	0	8	8	7	2	0	0	0	0	0	0	0	0	0	0	0	0	0	0	0	0	0	0	0	0	0	0	0	0
59727	24 Jun 16	09:34:50	1	0	0	0	0	0	1	4	4	6	0	5	7	5	0	0	0	0	0	0	0	0	0	0	0	0	0	0	0	0	0	0	0	0	0	0	0	0	0
59728	24 Jun 16	09:35:00	1	0	0	0	0	0	1	4	5	6	0	4	4	4	0	0	0	0	0	0	0	0	0	0	0	0	0	0	0	0	0	0	0	0	0	0	0	0	0
59729	24 Jun 16	09:35:10	1	0	0	0	0	0	1	3	4	3	0	6	3	2	0	0	0	0	0	0	0	0	0	0	0	0	0	0	0	0	0	0	0	0	0	0	0	0	0
59730	24 Jun 16	09:35:20	1	0	0	0	0	0	1	3	3	4	0	3	3	4	0	0	0	0	0	0	0	0	0	0	0	0	0	0	0	0	0	0	0	0	0	0	0	0	0
59731	24 Jun 16	09:35:30	1	0	0	0	0	0	1	2	3	4	0	2	1	1	0	0	0	0	0	0	0	0	0	0	0	0	0	0	0	0	0	0	0	0	0	0	0	0	0
59732	24 Jun 16	09:35:40	1	0	0	0	0	0	1	2	3	3	0	3	3	3	0	0	0	0	0	0	0	0	0	0	0	0	0	0	0	0	0	0	0	0	0	0	0	0	0
59733	24 Jun 16	09:35:50	1	0	0	0	0	0	1	3	2	6	0	1	3	1	0	0	0	0	0	0	0	0	0	0	0	0	0	0	0	0	0	0	0	0	0	0	0	0	0
59734	24 Jun 16	09:36:00	1	0	0	0	0	0	1	1	1	1	0	4	3	1	0	0	0	0	0	0	0	0	0	0	0	0	0	0	0	0	0	0	0	0	0	0	0	0	0
59735	24 Jun 16	09:36:10	1	0	0	0	0	0	1	4	1	5	0	3	2	3	0	0	0	0	0	0	0	0	0	0	0	0	0	0	0	0	0	0	0	0	0	0	0	0	0
59736	24 Jun 16	09:36:20	1	0	0	0	0	0	1	2	4	2	0	4	1	2	0	0	0	0	0	0	0	0	0	0	0	0	0	0	0	0	0	0	0	0	0	0	0	0	0
59737	24 Jun 16	09:36:30	1	0	0	0	0	0	1	4	5	3	0	2	5	3	0	0	0	0	0	0	0	0	0	0	0	0	0	0	0	0	0	0	0	0	0	0	0	0	0
59738	24 Jun 16	09:36:40	1	0	0	0	0	0	1	1	2	3	0	2	2	2	0	0	0	0	0	0	0	0	0	0	0	0	0	0	0	0	0	0	0	0	0	0	0	0	0
59739	24 Jun 16	09:36:50	1	0	0	0	0	0	1	3	2	1	0	4	2	1	0	0	0	0	0	0	0	0	0	0	0	0	0	0	0	0	0	0	0	0	0	0	0	0	0
59740	24 Jun 16	09:37:00	1	0	0	0	0	0	1	4	2	5	0	5	1	2	0	0	0	0	0	0	0	0	0	0	0	0	0	0	0	0	0	0	0	0	0	0	0	0	0
59741	24 Jun 16	09:37:10	1	0	0	0	0	0	1	4	5	1	0	4	3	1	0	0	0	0	0	0	0	0	0	0	0	0	0	0	0	0	0	0	0	0	0	0	0	0	0
59742	24 Jun 16	09:37:20	1	0	0	0	0	0	1	2	2	1	0	2	1	3	0	0	0	0	0	0	0	0	0	0	0	0	0	0	0	0	0	0	0	0	0	0	0	0	0
59743	24 Jun 16	09:37:30	1	0	0	0	0	0	1	3	2	2	0	0	1	2	0	0	0	0	0	0	0	0	0	0	0	0	0	0	0	0	0	0	0	0	0	0	0	0	0
59744	24 Jun 16	09:37:40	1	0	0	0	0	0	1	1	2	2	0	2	2	3	0	0	0	0	0	0	0	0	0	0	0	0	0	0	0	0	0	0	0	0	0	0	0	0	0
59745	24 Jun 16	09:37:50	1	0	0	0	0	0	1	1	1	3	0	2	2	2	0	0	0	0	0	0	0	0	0	0	0	0	0	0	0	0	0	0	0	0	0	0	0	0	0
59746	24 Jun 16	09:38:00	1	0	0	0	0	0	1	2	0	2	0	1	1	0	0	0	0	0	0	0	0	0	0	0	0	0	0	0	0	0	0	0	0	0	0	0	0	0	0
59747	24 Jun 16	09:38:10	1	0	0	0	0	0	1	2	0	2	0	1	1	3	0	0	0	0	0	0	0	0	0	0	0	0	0	0	0	0	0	0	0	0	0	0	0	0	0
59748	24 Jun 16	09:38:20	1	0	0	0	0	0	1	5	1	1	0	4	0	0	0	0	0	0	0	0	0	0	0	0	0	0	0	0	0	0	0	0	0	0	0	0	0	0	0
59749	24 Jun 16	09:38:30	1	0	0	0	0	0	1	1	0	4	0	4	2	1	0	0	0	0	0	0	0	0	0	0	0	0	0	0	0	0	0	0	0	0	0	0	0	0	0
59750	24 Jun 16	09:38:40	1	0	0	0	0	0	1	1	2	2	0	6	2	3	0	0	0	0	0	0	0	0	0	0	0	0	0	0	0	0	0	0	0	0	0	0	0	0	0
59751	24 Jun 16	09:38:50	1	0	0	0	0	0	1	1	0	4	0	1	2	2	0	0	0	0	0	0	0	0	0	0	0	0	0	0	0	0	0	0	0	0	0	0	0	0	0
59752	24 Jun 16	09:39:00	1	0	0	0	0	0	1	2	2	2	0	3	1	2	0	0	0	0	0	0	0	0	0	0	0	0	0	0	0	0	0	0	0	0	0	0	0	0	0
59753	24 Jun 16	09:39:10	1	0	0	0	0	0	1	4	1	1	0	3	2	2	0	0	0	0	0	0	0	0	0	0	0	0	0	0	0	0	0	0	0	0	0	0	0	0	0
59754	24 Jun 16	09:39:20	1	0	0	0	0	0	1	4	1	1	0	4	1	1	0	0	0	0	0	0	0	0	0	0	0	0	0	0	0	0	0	0	0	0	0	0	0	0	0
59755	24 Jun 16	09:39:30	1	0	0	0	0	0	1	1	1	1	0	6	3	1	0	0	0	0	0	0	0	0	0	0	0	0	0	0	0	0	0	0	0	0	0	0	0	0	0
59756	24 Jun 16	09:39:40	1	0	0	0	0	0	1	4	2	1	0	5	0	0	0	0	0	0	0	0	0	0	0	0	0	0	0	0	0	0	0	0	0	0	0	0	0	0	0
59757	24 Jun 16	09:39:50	1	0	0	0	0	0	1	6	3	3	0	3	1	2	0	0	0	0	0	0	0	0	0	0	0	0	0	0	0	0	0	0	0	0	0	0	0	0	0
59758	24 Jun 16	09:40:00	1	0	0	0	0	0	1	5	1	4	0	1	3	0	0	0	0	0	0	0	0	0	0	0	0	0	0	0	0	0	0	0	0	0	0	0	0	0	0
59759	24 Jun 16	09:40:10	1	0	0	0	0	0	1	1	0	1	0	2	0	4	0	0	0	0	0	0	0	0	0	0	0	0	0	0	0	0	0	0	0	0	0	0	0	0	0
59760	24 Jun 16	09:40:20	1	0	0	0	0	0	1	2	1	1	0	1	0	2	0	0	0	0	0	0	0	0	0	0	0	0	0	0	0	0	0	0	0	0	0	0	0	0	0
59761	24 Jun 16	09:40:30	1	0	0	0	0	0	1	2	1	2	0	1	2	1	0	0	0	0	0	0	0	0	0	0	0	0	0	0	0	0	0	0	0	0	0	0	0	0	0
59762	24 Jun 16	09:40:40	1	0	0	0	0	0	1	3	1	3	0	1	1	3	0	0	0	0	0	0	0	0	0	0	0	0	0	0	0	0	0	0	0	0	0	0	0	0	0
59763	24 Jun 16	09:40:50	1	0	0	0	0	0	1	4	4	2	0	2	3	3	0	0	0	0	0	0	0	0	0	0	0	0	0	0	0	0	0	0	0	0	0	0	0	0	0
59764	24 Jun 16	09:41:00	1	0	0	0	0	0	1	2	1	5	0	3	2	0	0	0	0	0	0	0	0	0	0	0	0	0	0	0	0	0	0	0	0	0	0	0	0	0	0
59765	24 Jun 16	09:41:10	1	0	0	0	0	0	1	3	1	2	0	1	1	2	0	0	0	0	0	0	0	0	0	0	0	0	0	0	0	0	0	0	0	0	0	0	0	0	0
59766	24 Jun 16	09:41:20	1	0	0	0	0	0	1	3	1	2	0	3	3	0	0	0	0	0	0	0	0	0	0	0	0	0	0	0	0	0	0	0	0	0	0	0	0	0	0
59767	24 Jun 16	09:41:30	1	0	0	0	0	0	1	2	0	1	0	0	1	3	0	0	0	0	0	0	0	0	0	0	0	0	0	0	0	0	0	0	0	0	0	0	0	0	0
59768	24 Jun 16	09:41:40	1	0	0	0	0	0	1	3	1	1	0	3	2	2	0	0	0	0	0	0	0	0	0	0	0	0	0	0	0	0	0	0	0	0	0	0	0	0	0
59769	24 Jun 16	09:41:50	1	0	0	0	0	0	1	4	1	0	0	5	1	2	0	0	0	0	0	0	0	0	0	0	0	0	0	0	0	0	0	0	0	0	0	0	0	0	0
59770	24 Jun 16	09:42:00	1	0	0	0	0	0	1	2	0	1	0	2	2	1	0	0	0	0	0	0	0	0	0	0	0	0	0	0	0	0	0	0	0	0	0	0	0	0	0
59771	24 Jun 16	09:42:10	1	0	0	0	0	0	1	0	3	1	0	2	3	0	0	0	0	0	0	0	0	0	0	0	0	0	0	0	0	0	0	0	0	0	0	0	0	0	0
59772	24 Jun 16	09:42:20	1	0	0	0	0	0	1	2	4	1	0	1	2	1	0	0	0	0	0	0	0	0	0	0	0	0	0	0	0	0	0	0	0	0	0	0	0	0	0
59773	24 Jun 16	09:42:30	1	0	0	0	0	0	1	4	1	2	0	1	3	1	0	0	0	0	0	0	0	0	0	0	0	0	0	0	0	0	0	0	0	0	0	0	0	0	0
59774	24 Jun 16	09:42:40	1	0	0	0	0	0	1	2	1	3	0	1	1	1	0	0	0	0	0	0	0	0	0	0	0	0	0	0	0	0	0	0	0	0	0	0	0	0	0
59775	24 Jun 16	09:42:50	1	0	0	0	0	0	1	0	1	1	0	1	1	0	0	0	0	0	0	0	0	0	0	0	0	0	0	0	0	0	0	0	0	0	0	0	0	0	0
59776	24 Jun 16	09:43:00	1	0	0	0	0	0	1	3	1	1	0	2	1	0	0	0	0	0	0	0	0	0	0	0	0	0	0	0	0	0	0	0	0	0	0	0	0	0	0
59777	24 Jun 16	09:43:10	1	0	0	0	0	0	1	3	2	2	0	3	1	1	0	0	0	0	0	0	0	0	0	0	0	0	0	0	0	0	0	0	0	0	0	0	0	0	0
59778	24 Jun 16	09:43:20	1	0	0	0	0	0	1	3	3	0	0	3	3	0	0	0	0	0	0	0	0	0	0	0	0	0	0	0	0	0	0	0	0	0	0	0	0	0	0
59779	24 Jun 16	09:43:30	1	0	0	0	0	0	1	1	2	1	0	3	0	0	0	0	0	0	0	0	0	0	0	0	0	0	0	0	0	0	0	0	0	0	0	0	0	0	0
59780	24 Jun 16	09:43:40	1	0	0	0	0	0	1	3	1	1	0	2	1	1	0	0	0	0	0	0	0	0	0	0	0	0	0	0	0	0	0	0	0	0	0	0	0	0	0
59781	24 Jun 16	09:43:50	1	0	0	0	0	0	1	5	2	1	0	4	3	1	0	0	0	0	0	0	0	0	0	0	0	0	0	0	0	0	0	0	0	0	0	0	0	0	0
59782	24 Jun 16	09:44:00	1	0	0	0	0	0	1	0	1	2	0	3	2	2	0	0	0	0	0	0	0	0	0	0	0	0	0	0	0	0	0	0	0	0	0	0	0	0	0
59783	24 Jun 16	09:44:10	1	0	0	0	0	0	1	0	1	0	0	1	2	0	0	0	0	0	0	0	0	0	0	0	0	0	0	0	0	0	0	0	0	0	0	0	0	0	0
59784	24 Jun 16	09:44:20	1	0	0	0	0	0	1	0	1	2	0	3	0	2	0	0	0	0	0	0	0	0	0	0	0	0	0	0	0	0	0	0	0	0	0	0	0	0	0
59785	24 Jun 16	09:44:30	1	0	0	0	0	0	1	2	0	3	0	3	1	0	0	0	0	0	0	0	0	0	0	0	0	0	0	0	0	0	0	0	0	0	0	0	0	0	0
59786	24 Jun 16	09:44:40	1	0	0	0	0	0	1	2	1	1	0	3	2	1	0	0	0	0	0	0	0	0	0	0	0	0	0	0	0	0	0	0	0	0	0	0	0	0	0
59787	24 Jun 16	09:44:50	1	0	0	0	0	0	1	3	1	1	0	2	0	0	0	0	0	0	0	0	0	0	0	0	0	0	0	0	0	0	0	0	0	0	0	0	0	0	0
59788	24 Jun 16	09:45:00	1	0	0	0	0	0	1	3	2	1	0	1	1	2	0	0	0	0	0	0	0	0	0	0	0	0	0	0	0	0	0	0	0	0	0	0	0	0	0
59789	24 Jun 16	09:45:10	1	0	0	0	0	0	1	2	2	4	0	4	3	0	0	0	0	0	0	0	0	0	0	0	0	0	0	0	0	0	0	0	0	0	0	0	0	0	0
59790	24 Jun 16	09:45:20	1	0	0	0	0	0	1	0	1	1	0	3	2	1	0	0	0	0	0	0	0	0	0	0	0	0	0	0	0	0	0	0	0	0	0	0	0	0	0
59791	24 Jun 16	09:45:30	1	0	0	0	0	0	1	1	1	0	0	1	1	0	0	0	0	0	0	0	0	0	0	0	0	0	0	0	0	0	0	0	0	0	0	0	0	0	0
59792	24 Jun 16	09:45:40	1	0	0	0	0	0	1	2	0	1	0	1	0	2	0	0	0	0	0	0	0	0	0	0	0	0	0	0	0	0	0	0	0	0	0	0	0	0	0
59793	24 Jun 16	09:45:50	1	0	0	0	0	0	1	1	1	3	0	2	0	1	0	0	0	0	0	0	0	0	0	0	0	0	0	0	0	0	0	0	0	0	0	0	0	0	0
59794	24 Jun 16	09:46:00	1	0	0	0	0	0	1	4	2	1	0	3	1	0	0	0	0	0	0	0	0	0	0	0	0	0	0	0	0	0	0	0	0	0	0	0	0	0	0
59795	24 Jun 16	09:46:10	1	0	0	0	0	0	1	2	2	1	0	1	0	0	0	0	0	0	0	0	0	0	0	0	0	0	0	0	0	0	0	0	0	0	0	0	0	0	0
59796	24 Jun 16	09:46:20	1	0	0	0	0	0	1	3	5	1	0	1	0	1	0	0	0	0	0	0	0	0	0	0	0	0	0	0	0	0	0	0	0	0	0	0	0	0	0
59797	24 Jun 16	09:46:30	1	0	0	0	0	0	1	1	3	2	0	0	2	1	0	0	0	0	0	0	0	0	0	0	0	0	0	0	0	0	0	0	0	0	0	0	0	0	0
59798	24 Jun 16	09:46:40	1	0	0	0	0	0	1	1	3	1	0	0	0	1	0	0	0	0	0	0	0	0	0	0	0	0	0	0	0	0	0	0	0	0	0	0	0	0	0
59799	24 Jun 16	09:46:50	1	0	0	0	0	0	1	3	1	2	0	1	0	1	0	0	0	0	0	0	0	0	0	0	0	0	0	0	0	0	0	0	0	0	0	0	0	0	0
59800	24 Jun 16	09:47:00	1	0	0	0	0	0	1	1	1	2	0	0	0	1	0	0	0	0	0	0	0	0	0	0	0	0	0	0	0	0	0	0	0	0	0	0	0	0	0
59801	24 Jun 16	09:47:10	1	0	0	0	0	0	1	2	0	1	0	1	0	0	0	0	0	0	0	0	0	0	0	0	0	0	0	0	0	0	0	0	0	0	0	0	0	0	0
59802	24 Jun 16	09:47:20	1	0	0	0	0	0	1	2	0	2	0	3	1	1	0	0	0	0	0	0	0	0	0	0	0	0	0	0	0	0	0	0	0	0	0	0	0	0	0
59803	24 Jun 16	09:47:30	1	0	0	0	0	0	1	2	2	2	0	1	2	0	0	0	0	0	0	0	0	0	0	0	0	0	0	0	0	0	0	0	0	0	0	0	0	0	0
59804	24 Jun 16	09:47:40	1	0	0	0	0	0	1	4	0	2	0	0	1	1	0	0	0	0	0	0	0	0	0	0	0	0	0	0	0	0	0	0	0	0	0	0	0	0	0
59805	24 Jun 16	09:47:50	1	0	0	0	0	0	1	1	2	2	0	0	0	1	0	0	0	0	0	0	0	0	0	0	0	0	0	0	0	0	0	0	0	0	0	0	0	0	0
59806	24 Jun 16	09:48:00	1	0	0	0	0	0	1	4	0	3	0	1	1	0	0	0	0	0	0	0	0	0	0	0	0	0	0	0	0	0	0	0	0	0	0	0	0	0	0
59807	24 Jun 16	09:48:10	1	0	0	0	0	0	1	0	0	4	0	0	2	2	0	0	0	0	0	0	0	0	0	0	0	0	0	0	0	0	0	0	0	0	0	0	0	0	0
59808	24 Jun 16	09:48:20	1	0	0	0	0	0	1	2	3	1	0	1	2	1	0	0	0	0	0	0	0	0	0	0	0	0	0	0	0	0	0	0	0	0	0	0	0	0	0
59809	24 Jun 16	09:48:30	1	0	0	0	0	0	1	2	5	2	0	3	0	0	0	0	0	0	0	0	0	0	0	0	0	0	0	0	0	0	0	0	0	0	0	0	0	0	0
59810	24 Jun 16	09:48:40	1	0	0	0	0	0	1	1	3	2	0	0	1	0	0	0	0	0	0	0	0	0	0	0	0	0	0	0	0	0	0	0	0	0	0	0	0	0	0
59811	24 Jun 16	09:48:50	1	0	0	0	0	0	1	2	2	3	0	1	1	0	0	0	0	0	0	0	0	0	0	0	0	0	0	0	0	0	0	0	0	0	0	0	0	0	0
59812	24 Jun 16	09:49:00	1	0	0	0	0	0	1	3	1	3	0	2	0	2	0	0	0	0	0	0	0	0	0	0	0	0	0	0	0	0	0	0	0	0	0	0	0	0	0
59813	24 Jun 16	09:49:10	1	0	0	0	0	0	1	2	0	0	0	0	0	2	0	0	0	0	0	0	0	0	0	0	0	0	0	0	0	0	0	0	0	0	0	0	0	0	0
59814	24 Jun 16	09:49:20	1	0	0	0	0	0	1	3	1	0	0	1	1	0	0	0	0	0	0	0	0	0	0	0	0	0	0	0	0	0	0	0	0	0	0	0	0	0	0
59815	24 Jun 16	09:49:30	1	0	0	0	0	0	1	4	2	0	0	0	0	1	0	0	0	0	0	0	0	0	0	0	0	0	0	0	0	0	0	0	0	0	0	0	0	0	0
59816	24 Jun 16	09:49:40	1	0	0	0	0	0	1	2	1	0	0	1	1	0	0	0	0	0	0	0	0	0	0	0	0	0	0	0	0	0	0	0	0	0	0	0	0	0	0
59817	24 Jun 16	09:49:50	1	0	0	0	0	0	1	3	1	2	0	2	0	1	0	0	0	0	0	0	0	0	0	0	0	0	0	0	0	0	0	0	0	0	0	0	0	0	0
59818	24 Jun 16	09:50:00	1	0	0	0	0	0	1	4	3	3	0	2	2	0	0	0	0	0	0	0	0	0	0	0	0	0	0	0	0	0	0	0	0	0	0	0	0	0	0
59819	24 Jun 16	09:50:10	1	0	0	0	0	0	1	0	2	1	0	0	3	1	0	0	0	0	0	0	0	0	0	0	0	0	0	0	0	0	0	0	0	0	0	0	0	0	0
59820	24 Jun 16	09:50:20	1	0	0	0	0	0	1	2	1	3	0	0	0	0	0	0	0	0	0	0	0	0	0	0	0	0	0	0	0	0	0	0	0	0	0	0	0	0	0
59821	24 Jun 16	09:50:30	1	0	0	0	0	0	1	2	1	2	0	3	3	0	0	0	0	0	0	0	0	0	0	0	0	0	0	0	0	0	0	0	0	0	0	0	0	0	0
59822	24 Jun 16	09:50:40	1	0	0	0	0	0	1	0	3	1	0	0	1	2	0	0	0	0	0	0	0	0	0	0	0	0	0	0	0	0	0	0	0	0	0	0	0	0	0
59823	24 Jun 16	09:50:50	1	0	0	0	0	0	1	3	0	1	0	1	2	3	0	0	0	0	0	0	0	0	0	0	0	0	0	0	0	0	0	0	0	0	0	0	0	0	0
59824	24 Jun 16	09:51:00	1	0	0	0	0	0	1	6	8	9	0	5	4	8	1	0	0	0	0	0	0	0	0	0	0	0	0	0	0	0	0	0	0	0	0	0	0	0	0
59825	24 Jun 16	09:51:10	1	0	0	0	0	0	1	8	1	4	0	6	8	5	0	0	0	0	0	0	0	0	0	0	0	0	0	0	0	0	0	0	0	0	0	0	0	0	0
59826	24 Jun 16	09:51:20	1	0	0	0	0	0	1	5	4	5	0	7	9	4	0	0	0	0	0	0	0	0	0	0	0	0	0	0	0	0	0	0	0	0	0	0	0	0	0
59827	24 Jun 16	09:51:30	1	0	0	0	0	0	1	3	4	2	0	8	7	5	0	0	0	0	0	0	0	0	0	0	0	0	0	0	0	0	0	0	0	0	0	0	0	0	0
59828	24 Jun 16	09:51:40	1	0	0	0	0	0	1	3	2	4	0	8	7	6	0	0	0	0	0	0	0	0	0	0	0	0	0	0	0	0	0	0	0	0	0	0	0	0	0
59829	24 Jun 16	09:51:50	1	0	0	0	0	0	1	4	1	2	0	3	6	2	0	0	0	0	0	0	0	0	0	0	0	0	0	0	0	0	0	0	0	0	0	0	0	0	0
59830	24 Jun 16	09:52:00	1	0	0	0	0	0	1	1	2	2	0	3	9	3	0	0	0	0	0	0	0	0	0	0	0	0	0	0	0	0	0	0	0	0	0	0	0	0	0
59831	24 Jun 16	09:52:10	1	0	0	0	0	0	1	3	3	5	0	6	6	5	0	0	0	0	0	0	0	0	0	0	0	0	0	0	0	0	0	0	0	0	0	0	0	0	0
59832	24 Jun 16	09:52:20	1	0	0	0	0	0	1	0	1	1	0	4	3	4	0	0	0	0	0	0	0	0	0	0	0	0	0	0	0	0	0	0	0	0	0	0	0	0	0
59833	24 Jun 16	09:52:30	1	0	0	0	0	0	1	1	1	4	0	4	4	4	0	0	0	0	0	0	0	0	0	0	0	0	0	0	0	0	0	0	0	0	0	0	0	0	0
59834	24 Jun 16	09:52:40	1	0	0	0	0	0	1	1	4	2	0	6	6	2	0	0	0	0	0	0	0	0	0	0	0	0	0	0	0	0	0	0	0	0	0	0	0	0	0
59835	24 Jun 16	09:52:50	1	0	0	0	0	0	1	0	6	2	0	4	4	3	0	0	0	0	0	0	0	0	0	0	0	0	0	0	0	0	0	0	0	0	0	0	0	0	0
59836	24 Jun 16	09:53:00	1	0	0	0	0	0	1	0	5	1	0	4	4	4	0	0	0	0	0	0	0	0	0	0	0	0	0	0	0	0	0	0	0	0	0	0	0	0	0
59837	24 Jun 16	09:53:10	1	0	0	0	0	0	1	1	6	2	0	7	5	4	0	0	0	0	0	0	0	0	0	0	0	0	0	0	0	0	0	0	0	0	0	0	0	0	0
59838	24 Jun 16	09:53:20	1	0	0	0	0	0	1	0	1	2	0	6	4	4	0	0	0	0	0	0	0	0	0	0	0	0	0	0	0	0	0	0	0	0	0	0	0	0	0
59839	24 Jun 16	09:53:30	1	0	0	0	0	0	1	1	2	2	0	5	6	6	0	0	0	0	0	0	0	0	0	0	0	0	0	0	0	0	0	0	0	0	0	0	0	0	0
59840	24 Jun 16	09:53:40	1	0	0	0	0	0	1	1	1	1	0	6	5	4	0	0	0	0	0	0	0	0	0	0	0	0	0	0	0	0	0	0	0	0	0	0	0	0	0
59841	24 Jun 16	09:53:50	1	0	0	0	0	0	1	0	3	0	0	6	4	5	0	0	0	0	0	0	0	0	0	0	0	0	0	0	0	0	0	0	0	0	0	0	0	0	0
59842	24 Jun 16	09:54:00	1	0	0	0	0	0	1	2	1	1	0	6	4	2	0	0	0	0	0	0	0	0	0	0	0	0	0	0	0	0	0	0	0	0	0	0	0	0	0
59843	24 Jun 16	09:54:10	1	0	0	0	0	0	1	3	1	0	0	5	6	6	0	0	0	0	0	0	0	0	0	0	0	0	0	0	0	0	0	0	0	0	0	0	0	0	0
59844	24 Jun 16	09:54:20	1	0	0	0	0	0	1	1	1	2	0	5	4	3	0	0	0	0	0	0	0	0	0	0	0	0	0	0	0	0	0	0	0	0	0	0	0	0	0
59845	24 Jun 16	09:54:30	1	0	0	0	0	0	1	1	2	2	0	8	6	5	0	0	0	0	0	0	0	0	0	0	0	0	0	0	0	0	0	0	0	0	0	0	0	0	0
59846	24 Jun 16	09:54:40	1	0	0	0	0	0	1	1	2	1	0	8	5	3	0	0	0	0	0	0	0	0	0	0	0	0	0	0	0	0	0	0	0	0	0	0	0	0	0
59847	24 Jun 16	09:54:50	1	0	0	0	0	0	1	1	1	3	0	5	8	6	0	0	0	0	0	0	0	0	0	0	0	0	0	0	0	0	0	0	0	0	0	0	0	0	0
59848	24 Jun 16	09:55:00	1	0	0	0	0	0	1	1	0	2	0	7	6	6	0	0	0	0	0	0	0	0	0	0	0	0	0	0	0	0	0	0	0	0	0	0	0	0	0
59849	24 Jun 16	09:55:10	1	0	0	0	0	0	1	2	1	1	0	11	11	8	0	0	0	0	0	0	0	0	0	0	0	0	0	0	0	0	0	0	0	0	0	0	0	0	0
59850	24 Jun 16	09:55:20	1	0	0	0	0	0	1	0	1	0	0	6	8	7	0	0	0	0	0	0	0	0	0	0	0	0	0	0	0	0	0	0	0	0	0	0	0	0	0
59851	24 Jun 16	09:55:30	1	0	0	0	0	0	1	3	2	1	0	5	4	2	0	0	0	0	0	0	0	0	0	0	0	0	0	0	0	0	0	0	0	0	0	0	0	0	0
59852	24 Jun 16	09:55:40	1	0	0	0	0	0	1	3	4	2	0	8	5	6	0	0	0	0	0	0	0	0	0	0	0	0	0	0	0	0	0	0	0	0	0	0	0	0	0
59853	24 Jun 16	09:55:50	1	0	0	0	0	0	1	0	0	2	0	7	7	7	0	0	0	0	0	0	0	0	0	0	0	0	0	0	0	0	0	0	0	0	0	0	0	0	0
59854	24 Jun 16	09:56:00	1	0	0	0	0	0	1	0	0	3	0	3	6	3	0	0	0	0	0	0	0	0	0	0	0	0	0	0	0	0	0	0	0	0	0	0	0	0	0
59855	24 Jun 16	09:56:10	1	0	0	0	0	0	1	0	2	0	0	6	8	4	0	0	0	0	0	0	0	0	0	0	0	0	0	0	0	0	0	0	0	0	0	0	0	0	0
59856	24 Jun 16	09:56:20	1	0	0	0	0	0	1	1	3	1	0	6	8	9	0	0	0	0	0	0	0	0	0	0	0	0	0	0	0	0	0	0	0	0	0	0	0	0	0
59857	24 Jun 16	09:56:30	1	0	0	0	0	0	1	2	1	1	0	7	6	9	0	0	0	0	0	0	0	0	0	0	0	0	0	0	0	0	0	0	0	0	0	0	0	0	0
59858	24 Jun 16	09:56:40	1	0	0	0	0	0	1	0	0	2	0	9	6	7	0	0	0	0	0	0	0	0	0	0	0	0	0	0	0	0	0	0	0	0	0	0	0	0	0
59859	24 Jun 16	09:56:50	1	0	0	0	0	0	1	1	0	1	0	8	6	6	0	0	0	0	0	0	0	0	0	0	0	0	0	0	0	0	0	0	0	0	0	0	0	0	0
59860	24 Jun 16	09:57:00	1	0	0	0	0	0	1	1	1	1	0	5	5	5	0	0	0	0	0	0	0	0	0	0	0	0	0	0	0	0	0	0	0	0	0	0	0	0	0
59861	24 Jun 16	09:57:10	1	0	0	0	0	0	1	0	1	3	0	6	11	5	0	0	0	0	0	0	0	0	0	0	0	0	0	0	0	0	0	0	0	0	0	0	0	0	0
59862	24 Jun 16	09:57:20	1	0	0	0	0	0	1	0	0	3	0	5	7	8	0	0	0	0	0	0	0	0	0	0	0	0	0	0	0	0	0	0	0	0	0	0	0	0	0
59863	24 Jun 16	09:57:30	1	0	0	0	0	0	1	3	2	4	0	6	8	8	0	0	0	0	0	0	0	0	0	0	0	0	0	0	0	0	0	0	0	0	0	0	0	0	0
59864	24 Jun 16	09:57:40	1	0	0	0	0	0	1	1	2	1	0	8	7	5	0	0	0	0	0	0	0	0	0	0	0	0	0	0	0	0	0	0	0	0	0	0	0	0	0
59865	24 Jun 16	09:57:50	1	0	0	0	0	0	1	0	0	0	0	7	7	5	0	0	0	0	0	0	0	0	0	0	0	0	0	0	0	0	0	0	0	0	0	0	0	0	0
59866	24 Jun 16	09:58:00	1	0	0	0	0	0	1	0	0	2	0	11	8	5	0	0	0	0	0	0	0	0	0	0	0	0	0	0	0	0	0	0	0	0	0	0	0	0	0
59867	24 Jun 16	09:58:10	1	0	0	0	0	0	1	0	0	4	0	5	9	4	0	0	0	0	0	0	0	0	0	0	0	0	0	0	0	0	0	0	0	0	0	0	0	0	0
59868	24 Jun 16	09:58:20	1	0	0	0	0	0	1	2	0	0	0	5	7	6	0	0	0	0	0	0	0	0	0	0	0	0	0	0	0	0	0	0	0	0	0	0	0	0	0
59869	24 Jun 16	09:58:30	1	0	0	0	0	0	1	0	0	2	0	4	8	5	0	0	0	0	0	0	0	0	0	0	0	0	0	0	0	0	0	0	0	0	0	0	0	0	0
59870	24 Jun 16	09:58:40	1	0	0	0	0	0	1	0	1	1	0	6	8	6	0	0	0	0	0	0	0	0	0	0	0	0	0	0	0	0	0	0	0	0	0	0	0	0	0
59871	24 Jun 16	09:58:50	1	0	0	0	0	0	1	1	0	0	0	5	10	6	0	0	0	0	0	0	0	0	0	0	0	0	0	0	0	0	0	0	0	0	0	0	0	0	0
59872	24 Jun 16	09:59:00	1	0	0	0	0	0	1	1	2	3	0	9	4	4	0	0	0	0	0	0	0	0	0	0	0	0	0	0	0	0	0	0	0	0	0	0	0	0	0
59873	24 Jun 16	09:59:10	1	0	0	0	0	0	1	0	1	0	0	5	6	10	0	0	0	0	0	0	0	0	0	0	0	0	0	0	0	0	0	0	0	0	0	0	0	0	0
59874	24 Jun 16	09:59:20	1	0	0	0	0	0	1	0	0	4	0	10	8	4	0	0	0	0	0	0	0	0	0	0	0	0	0	0	0	0	0	0	0	0	0	0	0	0	0
59875	24 Jun 16	09:59:30	1	0	0	0	0	0	1	1	0	2	0	5	8	4	0	0	0	0	0	0	0	0	0	0	0	0	0	0	0	0	0	0	0	0	0	0	0	0	0
59876	24 Jun 16	09:59:40	1	0	0	0	0	0	1	0	1	2	0	8	7	8	0	0	0	0	0	0	0	0	0	0	0	0	0	0	0	0	0	0	0	0	0	0	0	0	0
59877	24 Jun 16	09:59:50	1	0	0	0	0	0	1	1	2	2	0	6	10	7	0	0	0	0	0	0	0	0	0	0	0	0	0	0	0	0	0	0	0	0	0	0	0	0	0
59878	24 Jun 16	10:00:00	1	0	0	0	0	0	1	1	1	5	0	7	8	8	0	0	0	0	0	0	0	0	0	0	0	0	0	0	0	0	0	0	0	0	0	0	0	0	0
59879	24 Jun 16	10:00:10	1	0	0	0	0	0	1	1	1	1	0	6	7	6	0	0	0	0	0	0	0	0	0	0	0	0	0	0	0	0	0	0	0	0	0	0	0	0	0
59880	24 Jun 16	10:00:20	1	0	0	0	0	0	1	1	2	1	0	9	9	6	0	0	0	0	0	0	0	0	0	0	0	0	0	0	0	0	0	0	0	0	0	0	0	0	0
59881	24 Jun 16	10:00:30	1	0	0	0	0	0	1	0	2	2	0	4	7	3	0	0	0	0	0	0	0	0	0	0	0	0	0	0	0	0	0	0	0	0	0	0	0	0	0
59882	24 Jun 16	10:00:40	1	0	0	0	0	0	1	2	0	3	0	7	10	6	0	0	0	0	0	0	0	0	0	0	0	0	0	0	0	0	0	0	0	0	0	0	0	0	0
59883	24 Jun 16	10:00:50	1	0	0	0	0	0	1	0	0	2	0	6	6	5	0	0	0	0	0	0	0	0	0	0	0	0	0	0	0	0	0	0	0	0	0	0	0	0	0
59884	24 Jun 16	10:01:00	1	0	0	0	0	0	1	1	0	1	0	7	5	7	0	0	0	0	0	0	0	0	0	0	0	0	0	0	0	0	0	0	0	0	0	0	0	0	0
59885	24 Jun 16	10:01:10	1	0	0	0	0	0	1	2	0	0	0	9	6	5	0	0	0	0	0	0	0	0	0	0	0	0	0	0	0	0	0	0	0	0	0	0	0	0	0
59886	24 Jun 16	10:01:20	1	0	0	0	0	0	1	1	0	2	0	6	6	6	0	0	0	0	0	0	0	0	0	0	0	0	0	0	0	0	0	0	0	0	0	0	0	0	0
59887	24 Jun 16	10:01:30	1	0	0	0	0	0	1	1	0	1	0	9	13	8	0	0	0	0	0	0	0	0	0	0	0	0	0	0	0	0	0	0	0	0	0	0	0	0	0
59888	24 Jun 16	10:01:40	1	0	0	0	0	0	1	3	0	2	0	6	8	6	0	0	0	0	0	0	0	0	0	0	0	0	0	0	0	0	0	0	0	0	0	0	0	0	0
59889	24 Jun 16	10:01:50	1	0	0	0	0	0	1	2	0	2	0	7	9	5	0	0	0	0	0	0	0	0	0	0	0	0	0	0	0	0	0	0	0	0	0	0	0	0	0
59890	24 Jun 16	10:02:00	1	0	0	0	0	0	1	1	0	1	0	6	6	3	0	0	0	0	0	0	0	0	0	0	0	0	0	0	0	0	0	0	0	0	0	0	0	0	0
59891	24 Jun 16	10:02:10	1	0	0	0	0	0	1	2	0	2	0	11	10	9	0	0	0	0	0	0	0	0	0	0	0	0	0	0	0	0	0	0	0	0	0	0	0	0	0
59892	24 Jun 16	10:02:20	1	0	0	0	0	0	1	1	0	3	0	8	10	7	0	0	0	0	0	0	0	0	0	0	0	0	0	0	0	0	0	0	0	0	0	0	0	0	0
59893	24 Jun 16	10:02:30	1	0	0	0	0	0	1	2	0	2	0	5	5	10	0	0	0	0	0	0	0	0	0	0	0	0	0	0	0	0	0	0	0	0	0	0	0	0	0
59894	24 Jun 16	10:02:40	1	0	0	0	0	0	1	1	2	3	0	8	9	6	0	0	0	0	0	0	0	0	0	0	0	0	0	0	0	0	0	0	0	0	0	0	0	0	0
59895	24 Jun 16	10:02:50	1	0	0	0	0	0	1	1	2	4	0	6	14	7	0	0	0	0	0	0	0	0	0	0	0	0	0	0	0	0	0	0	0	0	0	0	0	0	0
59896	24 Jun 16	10:03:00	1	0	0	0	0	0	1	1	2	3	0	5	11	6	0	0	0	0	0	0	0	0	0	0	0	0	0	0	0	0	0	0	0	0	0	0	0	0	0
59897	24 Jun 16	10:03:10	1	0	0	0	0	0	1	2	0	2	0	7	8	7	0	0	0	0	0	0	0	0	0	0	0	0	0	0	0	0	0	0	0	0	0	0	0	0	0
59898	24 Jun 16	10:03:20	1	0	0	0	0	0	1	0	0	2	0	9	10	6	0	0	0	0	0	0	0	0	0	0	0	0	0	0	0	0	0	0	0	0	0	0	0	0	0
59899	24 Jun 16	10:03:30	1	0	0	0	0	0	1	0	1	0	0	9	6	8	0	0	0	0	0	0	0	0	0	0	0	0	0	0	0	0	0	0	0	0	0	0	0	0	0
59900	24 Jun 16	10:03:40	1	0	0	0	0	0	1	3	0	2	0	8	8	6	0	0	0	0	0	0	0	0	0	0	0	0	0	0	0	0	0	0	0	0	0	0	0	0	0
59901	24 Jun 16	10:03:50	1	0	0	0	0	0	1	2	1	1	0	6	8	7	0	0	0	0	0	0	0	0	0	0	0	0	0	0	0	0	0	0	0	0	0	0	0	0	0
59902	24 Jun 16	10:04:00	1	0	0	0	0	0	1	3	2	1	0	7	8	9	0	0	0	0	0	0	0	0	0	0	0	0	0	0	0	0	0	0	0	0	0	0	0	0	0
59903	24 Jun 16	10:04:10	1	0	0	0	0	0	1	3	0	2	0	8	7	6	0	0	0	0	0	0	0	0	0	0	0	0	0	0	0	0	0	0	0	0	0	0	0	0	0
59904	24 Jun 16	10:04:20	1	0	0	0	0	0	1	3	1	0	0	8	12	5	0	0	0	0	0	0	0	0	0	0	0	0	0	0	0	0	0	0	0	0	0	0	0	0	0
59905	24 Jun 16	10:04:30	1	0	0	0	0	0	1	3	1	2	0	7	6	6	0	0	0	0	0	0	0	0	0	0	0	0	0	0	0	0	0	0	0	0	0	0	0	0	0
59906	24 Jun 16	10:04:40	1	0	0	0	0	0	1	2	0	1	0	5	9	6	0	0	0	0	0	0	0	0	0	0	0	0	0	0	0	0	0	0	0	0	0	0	0	0	0
59907	24 Jun 16	10:04:50	1	0	0	0	0	0	1	1	1	3	0	7	11	4	0	0	0	0	0	0	0	0	0	0	0	0	0	0	0	0	0	0	0	0	0	0	0	0	0
59908	24 Jun 16	10:05:00	1	0	0	0	0	0	1	2	1	1	0	6	9	6	0	0	0	0	0	0	0	0	0	0	0	0	0	0	0	0	0	0	0	0	0	0	0	0	0
59909	24 Jun 16	10:05:10	1	0	0	0	0	0	1	2	0	5	0	6	7	6	0	0	0	0	0	0	0	0	0	0	0	0	0	0	0	0	0	0	0	0	0	0	0	0	0
59910	24 Jun 16	10:05:20	1	0	0	0	0	0	1	1	0	2	0	8	5	5	0	0	0	0	0	0	0	0	0	0	0	0	0	0	0	0	0	0	0	0	0	0	0	0	0
59911	24 Jun 16	10:05:30	1	0	0	0	0	0	1	2	2	6	0	7	6	5	0	0	0	0	0	0	0	0	0	0	0	0	0	0	0	0	0	0	0	0	0	0	0	0	0
59912	24 Jun 16	10:05:40	1	0	0	0	0	0	1	1	1	3	0	7	7	5	0	0	0	0	0	0	0	0	0	0	0	0	0	0	0	0	0	0	0	0	0	0	0	0	0
59913	24 Jun 16	10:05:50	1	0	0	0	0	0	1	2	1	2	0	6	7	7	0	0	0	0	0	0	0	0	0	0	0	0	0	0	0	0	0	0	0	0	0	0	0	0	0
59914	24 Jun 16	10:06:00	1	0	0	0	0	0	1	3	0	3	0	5	9	4	0	0	0	0	0	0	0	0	0	0	0	0	0	0	0	0	0	0	0	0	0	0	0	0	0
59915	24 Jun 16	10:06:10	1	0	0	0	0	0	1	2	1	5	0	8	7	4	0	0	0	0	0	0	0	0	0	0	0	0	0	0	0	0	0	0	0	0	0	0	0	0	0
59916	24 Jun 16	10:06:20	1	0	0	0	0	0	1	1	1	1	0	7	5	5	0	0	0	0	0	0	0	0	0	0	0	0	0	0	0	0	0	0	0	0	0	0	0	0	0
59917	24 Jun 16	10:06:30	1	0	0	0	0	0	1	3	1	4	0	6	11	8	0	0	0	0	0	0	0	0	0	0	0	0	0	0	0	0	0	0	0	0	0	0	0	0	0
59918	24 Jun 16	10:06:40	1	0	0	0	0	0	1	2	0	1	0	5	7	6	0	0	0	0	0	0	0	0	0	0	0	0	0	0	0	0	0	0	0	0	0	0	0	0	0
59919	24 Jun 16	10:06:50	1	0	0	0	0	0	1	2	0	2	0	5	7	6	0	0	0	0	0	0	0	0	0	0	0	0	0	0	0	0	0	0	0	0	0	0	0	0	0
59920	24 Jun 16	10:07:00	1	0	0	0	0	0	1	1	0	3	0	5	7	6	0	0	0	0	0	0	0	0	0	0	0	0	0	0	0	0	0	0	0	0	0	0	0	0	0
59921	24 Jun 16	10:07:10	1	0	0	0	0	0	1	2	0	3	0	8	7	3	0	0	0	0	0	0	0	0	0	0	0	0	0	0	0	0	0	0	0	0	0	0	0	0	0
59922	24 Jun 16	10:07:20	1	0	0	0	0	0	1	3	2	2	0	4	8	7	0	0	0	0	0	0	0	0	0	0	0	0	0	0	0	0	0	0	0	0	0	0	0	0	0
59923	24 Jun 16	10:07:30	1	0	0	0	0	0	1	1	3	3	0	6	8	5	0	0	0	0	0	0	0	0	0	0	0	0	0	0	0	0	0	0	0	0	0	0	0	0	0
59924	24 Jun 16	10:07:40	1	0	0	0	0	0	1	2	0	1	0	7	7	4	0	0	0	0	0	0	0	0	0	0	0	0	0	0	0	0	0	0	0	0	0	0	0	0	0
59925	24 Jun 16	10:07:50	1	0	0	0	0	0	1	0	0	1	0	4	6	6	0	0	0	0	0	0	0	0	0	0	0	0	0	0	0	0	0	0	0	0	0	0	0	0	0
59926	24 Jun 16	10:08:00	1	0	0	0	0	0	1	2	0	3	0	6	8	4	0	0	0	0	0	0	0	0	0	0	0	0	0	0	0	0	0	0	0	0	0	0	0	0	0
59927	24 Jun 16	10:08:10	1	0	0	0	0	0	1	0	1	1	0	5	7	7	0	0	0	0	0	0	0	0	0	0	0	0	0	0	0	0	0	0	0	0	0	0	0	0	0
59928	24 Jun 16	10:08:20	1	0	0	0	0	0	1	1	0	1	0	5	6	5	0	0	0	0	0	0	0	0	0	0	0	0	0	0	0	0	0	0	0	0	0	0	0	0	0
59929	24 Jun 16	10:08:30	1	0	0	0	0	0	1	1	0	2	0	5	5	6	0	0	0	0	0	0	0	0	0	0	0	0	0	0	0	0	0	0	0	0	0	0	0	0	0
59930	24 Jun 16	10:08:40	1	0	0	0	0	0	1	0	0	4	0	8	9	10	0	0	0	0	0	0	0	0	0	0	0	0	0	0	0	0	0	0	0	0	0	0	0	0	0
59931	24 Jun 16	10:08:50	1	0	0	0	0	0	1	1	0	0	0	8	9	4	0	0	0	0	0	0	0	0	0	0	0	0	0	0	0	0	0	0	0	0	0	0	0	0	0
59932	24 Jun 16	10:09:00	1	0	0	0	0	0	1	0	0	0	0	7	8	5	0	0	0	0	0	0	0	0	0	0	0	0	0	0	0	0	0	0	0	0	0	0	0	0	0
59933	24 Jun 16	10:09:10	1	0	0	0	0	0	1	0	1	1	0	6	6	6	0	0	0	0	0	0	0	0	0	0	0	0	0	0	0	0	0	0	0	0	0	0	0	0	0
59934	24 Jun 16	10:09:20	1	0	0	0	0	0	1	1	1	1	0	2	7	6	0	0	0	0	0	0	0	0	0	0	0	0	0	0	0	0	0	0	0	0	0	0	0	0	0
59935	24 Jun 16	10:09:30	1	0	0	0	0	0	1	0	2	2	0	4	6	7	0	0	0	0	0	0	0	0	0	0	0	0	0	0	0	0	0	0	0	0	0	0	0	0	0
59936	24 Jun 16	10:09:40	1	0	0	0	0	0	1	1	0	3	0	7	8	5	0	0	0	0	0	0	0	0	0	0	0	0	0	0	0	0	0	0	0	0	0	0	0	0	0
59937	24 Jun 16	10:09:50	1	0	0	0	0	0	1	1	1	5	0	6	6	4	0	0	0	0	0	0	0	0	0	0	0	0	0	0	0	0	0	0	0	0	0	0	0	0	0
59938	24 Jun 16	10:10:00	1	0	0	0	0	0	1	0	0	2	0	5	5	3	0	0	0	0	0	0	0	0	0	0	0	0	0	0	0	0	0	0	0	0	0	0	0	0	0
59939	24 Jun 16	10:10:10	1	0	0	0	0	0	1	2	2	2	0	7	8	6	0	0	0	0	0	0	0	0	0	0	0	0	0	0	0	0	0	0	0	0	0	0	0	0	0
59940	24 Jun 16	10:10:20	1	0	0	0	0	0	1	0	1	1	0	5	8	7	0	0	0	0	0	0	0	0	0	0	0	0	0	0	0	0	0	0	0	0	0	0	0	0	0
59941	24 Jun 16	10:10:30	1	0	0	0	0	0	1	1	2	2	0	2	7	2	0	0	0	0	0	0	0	0	0	0	0	0	0	0	0	0	0	0	0	0	0	0	0	0	0
59942	24 Jun 16	10:10:40	1	0	0	0	0	0	1	0	1	1	0	5	8	4	0	0	0	0	0	0	0	0	0	0	0	0	0	0	0	0	0	0	0	0	0	0	0	0	0
59943	24 Jun 16	10:10:50	1	0	0	0	0	0	1	2	1	1	0	6	7	3	0	0	0	0	0	0	0	0	0	0	0	0	0	0	0	0	0	0	0	0	0	0	0	0	0
59944	24 Jun 16	10:11:00	1	0	0	0	0	0	1	0	0	3	0	4	9	7	0	0	0	0	0	0	0	0	0	0	0	0	0	0	0	0	0	0	0	0	0	0	0	0	0
59945	24 Jun 16	10:11:10	1	0	0	0	0	0	1	0	0	1	0	4	5	4	0	0	0	0	0	0	0	0	0	0	0	0	0	0	0	0	0	0	0	0	0	0	0	0	0
59946	24 Jun 16	10:11:20	1	0	0	0	0	0	1	1	2	0	0	2	9	6	0	0	0	0	0	0	0	0	0	0	0	0	0	0	0	0	0	0	0	0	0	0	0	0	0
59947	24 Jun 16	10:11:30	1	0	0	0	0	0	1	1	1	1	0	7	8	5	0	0	0	0	0	0	0	0	0	0	0	0	0	0	0	0	0	0	0	0	0	0	0	0	0
59948	24 Jun 16	10:11:40	1	0	0	0	0	0	1	1	0	2	0	9	10	6	0	0	0	0	0	0	0	0	0	0	0	0	0	0	0	0	0	0	0	0	0	0	0	0	0
59949	24 Jun 16	10:11:50	1	0	0	0	0	0	1	1	0	3	0	5	10	6	0	0	0	0	0	0	0	0	0	0	0	0	0	0	0	0	0	0	0	0	0	0	0	0	0
59950	24 Jun 16	10:12:00	1	0	0	0	0	0	1	1	0	1	0	3	4	4	0	0	0	0	0	0	0	0	0	0	0	0	0	0	0	0	0	0	0	0	0	0	0	0	0
59951	24 Jun 16	10:12:10	1	0	0	0	0	0	1	1	2	2	0	6	6	6	0	0	0	0	0	0	0	0	0	0	0	0	0	0	0	0	0	0	0	0	0	0	0	0	0
59952	24 Jun 16	10:12:20	1	0	0	0	0	0	1	1	0	2	0	3	9	5	0	0	0	0	0	0	0	0	0	0	0	0	0	0	0	0	0	0	0	0	0	0	0	0	0
59953	24 Jun 16	10:12:30	1	0	0	0	0	0	1	0	0	2	0	3	7	6	0	0	0	0	0	0	0	0	0	0	0	0	0	0	0	0	0	0	0	0	0	0	0	0	0
59954	24 Jun 16	10:12:40	1	0	0	0	0	0	1	0	0	1	0	4	9	3	0	0	0	0	0	0	0	0	0	0	0	0	0	0	0	0	0	0	0	0	0	0	0	0	0
59955	24 Jun 16	10:12:50	1	0	0	0	0	0	1	0	0	1	0	5	9	5	0	0	0	0	0	0	0	0	0	0	0	0	0	0	0	0	0	0	0	0	0	0	0	0	0
59956	24 Jun 16	10:13:00	1	0	0	0	0	0	1	0	0	0	0	5	7	5	0	0	0	0	0	0	0	0	0	0	0	0	0	0	0	0	0	0	0	0	0	0	0	0	0
59957	24 Jun 16	10:13:10	1	0	0	0	0	0	1	1	0	1	0	5	6	5	0	0	0	0	0	0	0	0	0	0	0	0	0	0	0	0	0	0	0	0	0	0	0	0	0
59958	24 Jun 16	10:13:20	1	0	0	0	0	0	1	0	0	2	0	4	7	5	0	0	0	0	0	0	0	0	0	0	0	0	0	0	0	0	0	0	0	0	0	0	0	0	0
59959	24 Jun 16	10:13:30	1	0	0	0	0	0	1	1	0	1	0	5	6	4	0	0	0	0	0	0	0	0	0	0	0	0	0	0	0	0	0	0	0	0	0	0	0	0	0
59960	24 Jun 16	10:13:40	1	0	0	0	0	0	1	2	0	1	0	4	8	3	0	0	0	0	0	0	0	0	0	0	0	0	0	0	0	0	0	0	0	0	0	0	0	0	0
59961	24 Jun 16	10:13:50	1	0	0	0	0	0	1	0	0	1	0	4	5	3	0	0	0	0	0	0	0	0	0	0	0	0	0	0	0	0	0	0	0	0	0	0	0	0	0
59962	24 Jun 16	10:14:00	1	0	0	0	0	0	1	1	0	0	0	4	5	2	0	0	0	0	0	0	0	0	0	0	0	0	0	0	0	0	0	0	0	0	0	0	0	0	0
59963	24 Jun 16	10:14:10	1	0	0	0	0	0	1	1	0	0	0	4	7	4	0	0	0	0	0	0	0	0	0	0	0	0	0	0	0	0	0	0	0	0	0	0	0	0	0
59964	24 Jun 16	10:14:20	1	0	0	0	0	0	1	2	0	1	0	3	6	4	0	0	0	0	0	0	0	0	0	0	0	0	0	0	0	0	0	0	0	0	0	0	0	0	0
59965	24 Jun 16	10:14:30	1	0	0	0	0	0	1	0	0	1	0	6	7	4	0	0	0	0	0	0	0	0	0	0	0	0	0	0	0	0	0	0	0	0	0	0	0	0	0
59966	24 Jun 16	10:14:40	1	0	0	0	0	0	1	0	0	0	0	2	6	3	0	0	0	0	0	0	0	0	0	0	0	0	0	0	0	0	0	0	0	0	0	0	0	0	0
59967	24 Jun 16	10:14:50	1	0	0	0	0	0	1	0	0	3	0	3	6	5	0	0	0	0	0	0	0	0	0	0	0	0	0	0	0	0	0	0	0	0	0	0	0	0	0
59968	24 Jun 16	10:15:00	1	0	0	0	0	0	1	0	0	2	0	4	8	2	0	0	0	0	0	0	0	0	0	0	0	0	0	0	0	0	0	0	0	0	0	0	0	0	0
59969	24 Jun 16	10:15:10	1	0	0	0	0	0	1	2	0	0	0	3	5	7	0	0	0	0	0	0	0	0	0	0	0	0	0	0	0	0	0	0	0	0	0	0	0	0	0
59970	24 Jun 16	10:15:20	1	0	0	0	0	0	1	2	0	2	0	2	7	2	0	0	0	0	0	0	0	0	0	0	0	0	0	0	0	0	0	0	0	0	0	0	0	0	0
59971	24 Jun 16	10:15:30	1	0	0	0	0	0	1	4	0	2	0	6	6	2	0	0	0	0	0	0	0	0	0	0	0	0	0	0	0	0	0	0	0	0	0	0	0	0	0
59972	24 Jun 16	10:15:40	1	0	0	0	0	0	1	1	1	1	0	3	4	3	0	0	0	0	0	0	0	0	0	0	0	0	0	0	0	0	0	0	0	0	0	0	0	0	0
59973	24 Jun 16	10:15:50	1	0	0	0	0	0	1	1	0	2	0	4	8	4	0	0	0	0	0	0	0	0	0	0	0	0	0	0	0	0	0	0	0	0	0	0	0	0	0
59974	24 Jun 16	10:16:00	1	0	0	0	0	0	1	0	0	1	0	2	1	2	0	0	0	0	0	0	0	0	0	0	0	0	0	0	0	0	0	0	0	0	0	0	0	0	0
59975	24 Jun 16	10:16:10	1	0	0	0	0	0	1	0	0	1	0	3	7	6	0	0	0	0	0	0	0	0	0	0	0	0	0	0	0	0	0	0	0	0	0	0	0	0	0
59976	24 Jun 16	10:16:20	1	0	0	0	0	0	1	0	0	2	0	4	5	5	0	0	0	0	0	0	0	0	0	0	0	0	0	0	0	0	0	0	0	0	0	0	0	0	0
59977	24 Jun 16	10:16:30	1	0	0	0	0	0	1	0	0	1	0	0	7	4	0	0	0	0	0	0	0	0	0	0	0	0	0	0	0	0	0	0	0	0	0	0	0	0	0
59978	24 Jun 16	10:16:40	1	0	0	0	0	0	1	2	0	2	0	3	5	5	0	0	0	0	0	0	0	0	0	0	0	0	0	0	0	0	0	0	0	0	0	0	0	0	0
59979	24 Jun 16	10:16:50	1	0	0	0	0	0	1	2	1	0	0	2	8	7	0	0	0	0	0	0	0	0	0	0	0	0	0	0	0	0	0	0	0	0	0	0	0	0	0
59980	24 Jun 16	10:17:00	1	0	0	0	0	0	1	2	1	1	0	3	5	4	0	0	0	0	0	0	0	0	0	0	0	0	0	0	0	0	0	0	0	0	0	0	0	0	0
59981	24 Jun 16	10:17:10	1	0	0	0	0	0	1	3	1	0	0	4	10	5	0	0	0	0	0	0	0	0	0	0	0	0	0	0	0	0	0	0	0	0	0	0	0	0	0
59982	24 Jun 16	10:17:20	1	0	0	0	0	0	1	3	1	3	0	2	4	4	0	0	0	0	0	0	0	0	0	0	0	0	0	0	0	0	0	0	0	0	0	0	0	0	0
59983	24 Jun 16	10:17:30	1	0	0	0	0	0	1	1	1	1	0	5	3	3	0	0	0	0	0	0	0	0	0	0	0	0	0	0	0	0	0	0	0	0	0	0	0	0	0
59984	24 Jun 16	10:17:40	1	0	0	0	0	0	1	1	1	0	0	4	4	2	0	0	0	0	0	0	0	0	0	0	0	0	0	0	0	0	0	0	0	0	0	0	0	0	0
59985	24 Jun 16	10:17:50	1	0	0	0	0	0	1	1	3	2	0	2	6	3	0	0	0	0	0	0	0	0	0	0	0	0	0	0	0	0	0	0	0	0	0	0	0	0	0
59986	24 Jun 16	10:18:00	1	0	0	0	0	0	1	1	1	3	0	4	6	4	0	0	0	0	0	0	0	0	0	0	0	0	0	0	0	0	0	0	0	0	0	0	0	0	0
59987	24 Jun 16	10:18:10	1	0	0	0	0	0	1	1	0	1	0	3	7	4	0	0	0	0	0	0	0	0	0	0	0	0	0	0	0	0	0	0	0	0	0	0	0	0	0
59988	24 Jun 16	10:18:20	1	0	0	0	0	0	1	0	2	1	0	2	8	5	0	0	0	0	0	0	0	0	0	0	0	0	0	0	0	0	0	0	0	0	0	0	0	0	0
59989	24 Jun 16	10:18:30	1	0	0	0	0	0	1	2	3	2	0	5	6	3	0	0	0	0	0	0	0	0	0	0	0	0	0	0	0	0	0	0	0	0	0	0	0	0	0
59990	24 Jun 16	10:18:40	1	0	0	0	0	0	1	2	2	1	0	1	9	3	0	0	0	0	0	0	0	0	0	0	0	0	0	0	0	0	0	0	0	0	0	0	0	0	0
59991	24 Jun 16	10:18:50	1	0	0	0	0	0	1	2	1	1	0	0	6	6	0	0	0	0	0	0	0	0	0	0	0	0	0	0	0	0	0	0	0	0	0	0	0	0	0
59992	24 Jun 16	10:19:00	1	0	0	0	0	0	1	1	1	1	0	0	8	6	0	0	0	0	0	0	0	0	0	0	0	0	0	0	0	0	0	0	0	0	0	0	0	0	0
59993	24 Jun 16	10:19:10	1	0	0	0	0	0	1	3	2	0	0	4	4	3	0	0	0	0	0	0	0	0	0	0	0	0	0	0	0	0	0	0	0	0	0	0	0	0	0
59994	24 Jun 16	10:19:20	1	0	0	0	0	0	1	3	2	1	0	1	9	4	0	0	0	0	0	0	0	0	0	0	0	0	0	0	0	0	0	0	0	0	0	0	0	0	0
59995	24 Jun 16	10:19:30	1	0	0	0	0	0	1	1	0	0	0	3	6	5	0	0	0	0	0	0	0	0	0	0	0	0	0	0	0	0	0	0	0	0	0	0	0	0	0
59996	24 Jun 16	10:19:40	1	0	0	0	0	0	1	1	5	2	0	1	3	5	0	0	0	0	0	0	0	0	0	0	0	0	0	0	0	0	0	0	0	0	0	0	0	0	0
59997	24 Jun 16	10:19:50	1	0	0	0	0	0	1	2	0	2	0	1	10	4	0	0	0	0	0	0	0	0	0	0	0	0	0	0	0	0	0	0	0	0	0	0	0	0	0
59998	24 Jun 16	10:20:00	1	0	0	0	0	0	1	2	1	2	0	3	5	0	0	0	0	0	0	0	0	0	0	0	0	0	0	0	0	0	0	0	0	0	0	0	0	0	0
59999	24 Jun 16	10:20:10	1	0	0	0	0	0	1	4	2	2	0	1	5	2	0	0	0	0	0	0	0	0	0	0	0	0	0	0	0	0	0	0	0	0	0	0	0	0	0
60000	24 Jun 16	10:20:20	1	0	0	0	0	0	1	1	1	2	0	5	3	4	0	0	0	0	0	0	0	0	0	0	0	0	0	0	0	0	0	0	0	0	0	0	0	0	0
60001	24 Jun 16	10:20:30	1	0	0	0	0	0	1	0	4	1	0	4	5	3	0	0	0	0	0	0	0	0	0	0	0	0	0	0	0	0	0	0	0	0	0	0	0	0	0
60002	24 Jun 16	10:20:40	1	0	0	0	0	0	1	4	3	2	0	2	3	2	0	0	0	0	0	0	0	0	0	0	0	0	0	0	0	0	0	0	0	0	0	0	0	0	0
60003	24 Jun 16	10:20:50	1	0	0	0	0	0	1	3	2	3	0	2	7	2	0	0	0	0	0	0	0	0	0	0	0	0	0	0	0	0	0	0	0	0	0	0	0	0	0
60004	24 Jun 16	10:21:00	1	0	0	0	0	0	1	4	2	6	0	1	4	3	0	0	0	0	0	0	0	0	0	0	0	0	0	0	0	0	0	0	0	0	0	0	0	0	0
60005	24 Jun 16	10:21:10	1	0	0	0	0	0	1	2	0	2	0	1	3	6	0	0	0	0	0	0	0	0	0	0	0	0	0	0	0	0	0	0	0	0	0	0	0	0	0
60006	24 Jun 16	10:21:20	1	0	0	0	0	0	1	3	1	2	0	7	5	2	0	0	0	0	0	0	0	0	0	0	0	0	0	0	0	0	0	0	0	0	0	0	0	0	0
60007	24 Jun 16	10:21:30	1	0	0	0	0	0	1	3	1	4	0	3	6	3	0	0	0	0	0	0	0	0	0	0	0	0	0	0	0	0	0	0	0	0	0	0	0	0	0
60008	24 Jun 16	10:21:40	1	0	0	0	0	0	1	4	2	4	0	0	6	4	0	0	0	0	0	0	0	0	0	0	0	0	0	0	0	0	0	0	0	0	0	0	0	0	0
60009	24 Jun 16	10:21:50	1	0	0	0	0	0	1	5	0	3	0	1	6	4	0	0	0	0	0	0	0	0	0	0	0	0	0	0	0	0	0	0	0	0	0	0	0	0	0
60010	24 Jun 16	10:22:00	1	0	0	0	0	0	1	2	1	4	0	6	6	2	0	0	0	0	0	0	0	0	0	0	0	0	0	0	0	0	0	0	0	0	0	0	0	0	0
60011	24 Jun 16	10:22:10	1	0	0	0	0	0	1	3	2	2	0	1	3	2	0	0	0	0	0	0	0	0	0	0	0	0	0	0	0	0	0	0	0	0	0	0	0	0	0
60012	24 Jun 16	10:22:20	1	0	0	0	0	0	1	2	2	1	0	0	7	3	0	0	0	0	0	0	0	0	0	0	0	0	0	0	0	0	0	0	0	0	0	0	0	0	0
60013	24 Jun 16	10:22:30	1	0	0	0	0	0	1	0	4	3	0	4	4	1	0	0	0	0	0	0	0	0	0	0	0	0	0	0	0	0	0	0	0	0	0	0	0	0	0
60014	24 Jun 16	10:22:40	1	0	0	0	0	0	1	2	4	4	0	2	6	3	0	0	0	0	0	0	0	0	0	0	0	0	0	0	0	0	0	0	0	0	0	0	0	0	0
60015	24 Jun 16	10:22:50	1	0	0	0	0	0	1	1	1	3	0	2	1	3	0	0	0	0	0	0	0	0	0	0	0	0	0	0	0	0	0	0	0	0	0	0	0	0	0
60016	24 Jun 16	10:23:00	1	0	0	0	0	0	1	1	2	1	0	0	9	0	0	0	0	0	0	0	0	0	0	0	0	0	0	0	0	0	0	0	0	0	0	0	0	0	0
60017	24 Jun 16	10:23:10	1	0	0	0	0	0	1	3	1	2	0	2	6	2	0	0	0	0	0	0	0	0	0	0	0	0	0	0	0	0	0	0	0	0	0	0	0	0	0
60018	24 Jun 16	10:23:20	1	0	0	0	0	0	1	2	3	4	0	0	6	1	0	0	0	0	0	0	0	0	0	0	0	0	0	0	0	0	0	0	0	0	0	0	0	0	0
60019	24 Jun 16	10:23:30	1	0	0	0	0	0	1	2	2	1	0	3	4	3	0	0	0	0	0	0	0	0	0	0	0	0	0	0	0	0	0	0	0	0	0	0	0	0	0
60020	24 Jun 16	10:23:40	1	0	0	0	0	0	1	0	1	1	0	0	8	0	0	0	0	0	0	0	0	0	0	0	0	0	0	0	0	0	0	0	0	0	0	0	0	0	0
60021	24 Jun 16	10:23:50	1	0	0	0	0	0	1	4	2	3	0	1	6	1	0	0	0	0	0	0	0	0	0	0	0	0	0	0	0	0	0	0	0	0	0	0	0	0	0
60022	24 Jun 16	10:24:00	1	0	0	0	0	0	1	1	6	1	0	0	7	1	0	0	0	0	0	0	0	0	0	0	0	0	0	0	0	0	0	0	0	0	0	0	0	0	0
60023	24 Jun 16	10:24:10	1	0	0	0	0	0	1	3	6	2	0	2	6	2	0	0	0	0	0	0	0	0	0	0	0	0	0	0	0	0	0	0	0	0	0	0	0	0	0
60024	24 Jun 16	10:24:20	1	0	0	0	0	0	1	3	3	5	0	1	6	0	0	0	0	0	0	0	0	0	0	0	0	0	0	0	0	0	0	0	0	0	0	0	0	0	0
60025	24 Jun 16	10:24:30	1	0	0	0	0	0	1	3	5	1	0	1	6	4	0	0	0	0	0	0	0	0	0	0	0	0	0	0	0	0	0	0	0	0	0	0	0	0	0
60026	24 Jun 16	10:24:40	1	0	0	0	0	0	1	5	1	4	0	0	4	2	0	0	0	0	0	0	0	0	0	0	0	0	0	0	0	0	0	0	0	0	0	0	0	0	0
60027	24 Jun 16	10:24:50	1	0	0	0	0	0	1	1	2	0	0	2	2	1	0	0	0	0	0	0	0	0	0	0	0	0	0	0	0	0	0	0	0	0	0	0	0	0	0
60028	24 Jun 16	10:25:00	1	0	0	0	0	0	1	1	1	1	0	3	3	4	0	0	0	0	0	0	0	0	0	0	0	0	0	0	0	0	0	0	0	0	0	0	0	0	0
60029	24 Jun 16	10:25:10	1	0	0	0	0	0	1	4	2	5	0	2	1	1	0	0	0	0	0	0	0	0	0	0	0	0	0	0	0	0	0	0	0	0	0	0	0	0	0
60030	24 Jun 16	10:25:20	1	0	0	0	0	0	1	5	3	3	0	2	5	0	0	0	0	0	0	0	0	0	0	0	0	0	0	0	0	0	0	0	0	0	0	0	0	0	0
60031	24 Jun 16	10:25:30	1	0	0	0	0	0	1	1	1	2	0	0	4	1	0	0	0	0	0	0	0	0	0	0	0	0	0	0	0	0	0	0	0	0	0	0	0	0	0
60032	24 Jun 16	10:25:40	1	0	0	0	0	0	1	3	1	2	0	3	5	3	0	0	0	0	0	0	0	0	0	0	0	0	0	0	0	0	0	0	0	0	0	0	0	0	0
60033	24 Jun 16	10:25:50	1	0	0	0	0	0	1	3	0	4	0	3	4	5	0	0	0	0	0	0	0	0	0	0	0	0	0	0	0	0	0	0	0	0	0	0	0	0	0
60034	24 Jun 16	10:26:00	1	0	0	0	0	0	1	2	2	6	0	5	3	2	0	0	0	0	0	0	0	0	0	0	0	0	0	0	0	0	0	0	0	0	0	0	0	0	0
60035	24 Jun 16	10:26:10	1	0	0	0	0	0	1	3	1	3	0	5	3	6	0	0	0	0	0	0	0	0	0	0	0	0	0	0	0	0	0	0	0	0	0	0	0	0	0
60036	24 Jun 16	10:26:20	1	0	0	0	0	0	1	5	4	4	0	5	3	4	0	0	0	0	0	0	0	0	0	0	0	0	0	0	0	0	0	0	0	0	0	0	0	0	0
60037	24 Jun 16	10:26:30	1	0	0	0	0	0	1	2	3	3	0	5	5	5	0	0	0	0	0	0	0	0	0	0	0	0	0	0	0	0	0	0	0	0	0	0	0	0	0
60038	24 Jun 16	10:26:40	1	0	0	0	0	0	1	0	2	2	0	5	4	2	0	0	0	0	0	0	0	0	0	0	0	0	0	0	0	0	0	0	0	0	0	0	0	0	0
60039	24 Jun 16	10:26:50	1	0	0	0	0	0	1	1	1	1	0	1	6	3	0	0	0	0	0	0	0	0	0	0	0	0	0	0	0	0	0	0	0	0	0	0	0	0	0
60040	24 Jun 16	10:27:00	1	0	0	0	0	0	1	2	0	2	0	3	2	0	0	0	0	0	0	0	0	0	0	0	0	0	0	0	0	0	0	0	0	0	0	0	0	0	0
60041	24 Jun 16	10:27:10	1	0	0	0	0	0	1	1	0	3	0	1	4	2	0	0	0	0	0	0	0	0	0	0	0	0	0	0	0	0	0	0	0	0	0	0	0	0	0
60042	24 Jun 16	10:27:20	1	0	0	0	0	0	1	3	0	1	0	1	4	2	0	0	0	0	0	0	0	0	0	0	0	0	0	0	0	0	0	0	0	0	0	0	0	0	0
60043	24 Jun 16	10:27:30	1	0	0	0	0	0	1	2	3	3	0	1	8	4	0	0	0	0	0	0	0	0	0	0	0	0	0	0	0	0	0	0	0	0	0	0	0	0	0
60044	24 Jun 16	10:27:40	1	0	0	0	0	0	1	1	2	1	0	0	2	2	0	0	0	0	0	0	0	0	0	0	0	0	0	0	0	0	0	0	0	0	0	0	0	0	0
60045	24 Jun 16	10:27:50	1	0	0	0	0	0	1	4	0	2	0	0	4	2	0	0	0	0	0	0	0	0	0	0	0	0	0	0	0	0	0	0	0	0	0	0	0	0	0
60046	24 Jun 16	10:28:00	1	0	0	0	0	0	1	3	2	1	0	0	6	4	0	0	0	0	0	0	0	0	0	0	0	0	0	0	0	0	0	0	0	0	0	0	0	0	0
60047	24 Jun 16	10:28:10	1	0	0	0	0	0	1	3	3	1	0	0	4	1	0	0	0	0	0	0	0	0	0	0	0	0	0	0	0	0	0	0	0	0	0	0	0	0	0
60048	24 Jun 16	10:28:20	1	0	0	0	0	0	1	2	0	1	0	2	1	0	0	0	0	0	0	0	0	0	0	0	0	0	0	0	0	0	0	0	0	0	0	0	0	0	0
60049	24 Jun 16	10:28:30	1	0	0	0	0	0	1	3	2	4	0	4	6	3	0	0	0	0	0	0	0	0	0	0	0	0	0	0	0	0	0	0	0	0	0	0	0	0	0
60050	24 Jun 16	10:28:40	1	0	0	0	0	0	1	4	2	2	0	2	3	1	0	0	0	0	0	0	0	0	0	0	0	0	0	0	0	0	0	0	0	0	0	0	0	0	0
60051	24 Jun 16	10:28:50	1	0	0	0	0	0	1	3	2	3	0	1	3	0	0	0	0	0	0	0	0	0	0	0	0	0	0	0	0	0	0	0	0	0	0	0	0	0	0
60052	24 Jun 16	10:29:00	1	0	0	0	0	0	1	3	2	3	0	0	7	3	0	0	0	0	0	0	0	0	0	0	0	0	0	0	0	0	0	0	0	0	0	0	0	0	0
60053	24 Jun 16	10:29:10	1	0	0	0	0	0	1	2	2	3	0	0	6	1	0	0	0	0	0	0	0	0	0	0	0	0	0	0	0	0	0	0	0	0	0	0	0	0	0
60054	24 Jun 16	10:29:20	1	0	0	0	0	0	1	2	0	2	0	1	2	2	0	0	0	0	0	0	0	0	0	0	0	0	0	0	0	0	0	0	0	0	0	0	0	0	0
60055	24 Jun 16	10:29:30	1	0	0	0	0	0	1	1	1	3	0	2	4	3	0	0	0	0	0	0	0	0	0	0	0	0	0	0	0	0	0	0	0	0	0	0	0	0	0
60056	24 Jun 16	10:29:40	1	0	0	0	0	0	1	3	1	5	0	4	3	4	0	0	0	0	0	0	0	0	0	0	0	0	0	0	0	0	0	0	0	0	0	0	0	0	0
60057	24 Jun 16	10:29:50	1	0	0	0	0	0	1	3	1	2	0	3	3	3	0	0	0	0	0	0	0	0	0	0	0	0	0	0	0	0	0	0	0	0	0	0	0	0	0
60058	24 Jun 16	10:30:00	1	0	0	0	0	0	1	1	2	4	0	0	4	1	0	0	0	0	0	0	0	0	0	0	0	0	0	0	0	0	0	0	0	0	0	0	0	0	0
60059	24 Jun 16	10:30:10	1	0	0	0	0	0	1	4	2	2	0	2	5	0	0	0	0	0	0	0	0	0	0	0	0	0	0	0	0	0	0	0	0	0	0	0	0	0	0
60060	24 Jun 16	10:30:20	1	0	0	0	0	0	1	2	2	2	0	0	6	2	0	0	0	0	0	0	0	0	0	0	0	0	0	0	0	0	0	0	0	0	0	0	0	0	0
60061	24 Jun 16	10:30:30	1	0	0	0	0	0	1	2	2	2	0	1	1	1	0	0	0	0	0	0	0	0	0	0	0	0	0	0	0	0	0	0	0	0	0	0	0	0	0
60062	24 Jun 16	10:30:40	1	0	0	0	0	0	1	5	1	2	0	2	3	3	0	0	0	0	0	0	0	0	0	0	0	0	0	0	0	0	0	0	0	0	0	0	0	0	0
60063	24 Jun 16	10:30:50	1	0	0	0	0	0	1	2	0	3	0	0	3	3	0	0	0	0	0	0	0	0	0	0	0	0	0	0	0	0	0	0	0	0	0	0	0	0	0
60064	24 Jun 16	10:31:00	1	0	0	0	0	0	1	2	1	2	0	0	5	2	0	0	0	0	0	0	0	0	0	0	0	0	0	0	0	0	0	0	0	0	0	0	0	0	0
60065	24 Jun 16	10:31:10	1	0	0	0	0	0	1	2	0	4	0	1	3	1	0	0	0	0	0	0	0	0	0	0	0	0	0	0	0	0	0	0	0	0	0	0	0	0	0
60066	24 Jun 16	10:31:20	1	0	0	0	0	0	1	1	3	3	0	0	3	1	0	0	0	0	0	0	0	0	0	0	0	0	0	0	0	0	0	0	0	0	0	0	0	0	0
60067	24 Jun 16	10:31:30	1	0	0	0	0	0	1	4	2	2	0	0	5	1	0	0	0	0	0	0	0	0	0	0	0	0	0	0	0	0	0	0	0	0	0	0	0	0	0
60068	24 Jun 16	10:31:40	1	0	0	0	0	0	1	2	1	2	0	2	2	3	0	0	0	0	0	0	0	0	0	0	0	0	0	0	0	0	0	0	0	0	0	0	0	0	0
60069	24 Jun 16	10:31:50	1	0	0	0	0	0	1	0	0	3	0	2	3	3	0	0	0	0	0	0	0	0	0	0	0	0	0	0	0	0	0	0	0	0	0	0	0	0	0
60070	24 Jun 16	10:32:00	1	0	0	0	0	0	1	2	1	0	0	0	5	0	0	0	0	0	0	0	0	0	0	0	0	0	0	0	0	0	0	0	0	0	0	0	0	0	0
60071	24 Jun 16	10:32:10	1	0	0	0	0	0	1	1	2	4	0	1	4	2	0	0	0	0	0	0	0	0	0	0	0	0	0	0	0	0	0	0	0	0	0	0	0	0	0
60072	24 Jun 16	10:32:20	1	0	0	0	0	0	1	0	1	1	0	5	3	1	0	0	0	0	0	0	0	0	0	0	0	0	0	0	0	0	0	0	0	0	0	0	0	0	0
60073	24 Jun 16	10:32:30	1	0	0	0	0	0	1	1	0	2	0	2	3	1	0	0	0	0	0	0	0	0	0	0	0	0	0	0	0	0	0	0	0	0	0	0	0	0	0
60074	24 Jun 16	10:32:40	1	0	0	0	0	0	1	1	1	2	0	3	4	3	0	0	0	0	0	0	0	0	0	0	0	0	0	0	0	0	0	0	0	0	0	0	0	0	0
60075	24 Jun 16	10:32:50	1	0	0	0	0	0	1	0	2	0	0	2	5	2	0	0	0	0	0	0	0	0	0	0	0	0	0	0	0	0	0	0	0	0	0	0	0	0	0
60076	24 Jun 16	10:33:00	1	0	0	0	0	0	1	0	0	1	0	2	5	0	0	0	0	0	0	0	0	0	0	0	0	0	0	0	0	0	0	0	0	0	0	0	0	0	0
60077	24 Jun 16	10:33:10	1	0	0	0	0	0	1	0	0	2	0	3	3	2	0	0	0	0	0	0	0	0	0	0	0	0	0	0	0	0	0	0	0	0	0	0	0	0	0
60078	24 Jun 16	10:33:20	1	0	0	0	0	0	1	2	1	1	0	1	5	4	0	0	0	0	0	0	0	0	0	0	0	0	0	0	0	0	0	0	0	0	0	0	0	0	0
60079	24 Jun 16	10:33:30	1	0	0	0	0	0	1	3	1	2	0	1	2	2	0	0	0	0	0	0	0	0	0	0	0	0	0	0	0	0	0	0	0	0	0	0	0	0	0
60080	24 Jun 16	10:33:40	1	0	0	0	0	0	1	1	1	0	0	1	2	1	0	0	0	0	0	0	0	0	0	0	0	0	0	0	0	0	0	0	0	0	0	0	0	0	0
60081	24 Jun 16	10:33:50	1	0	0	0	0	0	1	0	2	1	0	2	4	2	0	0	0	0	0	0	0	0	0	0	0	0	0	0	0	0	0	0	0	0	0	0	0	0	0
60082	24 Jun 16	10:34:00	1	0	0	0	0	0	1	0	2	2	0	1	3	0	0	0	0	0	0	0	0	0	0	0	0	0	0	0	0	0	0	0	0	0	0	0	0	0	0
60083	24 Jun 16	10:34:10	1	0	0	0	0	0	1	1	1	2	0	0	5	3	0	0	0	0	0	0	0	0	0	0	0	0	0	0	0	0	0	0	0	0	0	0	0	0	0
60084	24 Jun 16	10:34:20	1	0	0	0	0	0	1	1	0	2	0	0	9	0	0	0	0	0	0	0	0	0	0	0	0	0	0	0	0	0	0	0	0	0	0	0	0	0	0
60085	24 Jun 16	10:34:30	1	0	0	0	0	0	1	0	4	2	0	0	4	0	0	0	0	0	0	0	0	0	0	0	0	0	0	0	0	0	0	0	0	0	0	0	0	0	0
60086	24 Jun 16	10:34:40	1	0	0	0	0	0	1	0	2	0	0	1	3	1	0	0	0	0	0	0	0	0	0	0	0	0	0	0	0	0	0	0	0	0	0	0	0	0	0
60087	24 Jun 16	10:34:50	1	0	0	0	0	0	1	1	3	1	0	0	1	2	0	0	0	0	0	0	0	0	0	0	0	0	0	0	0	0	0	0	0	0	0	0	0	0	0
60088	24 Jun 16	10:35:00	1	0	0	0	0	0	1	1	2	2	0	0	3	2	0	0	0	0	0	0	0	0	0	0	0	0	0	0	0	0	0	0	0	0	0	0	0	0	0
60089	24 Jun 16	10:35:10	1	0	0	0	0	0	1	4	0	1	0	0	3	2	0	0	0	0	0	0	0	0	0	0	0	0	0	0	0	0	0	0	0	0	0	0	0	0	0
60090	24 Jun 16	10:35:20	1	0	0	0	0	0	1	0	2	2	0	0	5	1	0	0	0	0	0	0	0	0	0	0	0	0	0	0	0	0	0	0	0	0	0	0	0	0	0
60091	24 Jun 16	10:35:30	1	0	0	0	0	0	1	0	2	2	0	1	7	3	0	0	0	0	0	0	0	0	0	0	0	0	0	0	0	0	0	0	0	0	0	0	0	0	0
60092	24 Jun 16	10:35:40	1	0	0	0	0	0	1	2	2	1	0	2	1	2	0	0	0	0	0	0	0	0	0	0	0	0	0	0	0	0	0	0	0	0	0	0	0	0	0
60093	24 Jun 16	10:35:50	1	0	0	0	0	0	1	0	3	2	0	3	2	1	0	0	0	0	0	0	0	0	0	0	0	0	0	0	0	0	0	0	0	0	0	0	0	0	0
60094	24 Jun 16	10:36:00	1	0	0	0	0	0	1	2	2	3	0	2	6	0	0	0	0	0	0	0	0	0	0	0	0	0	0	0	0	0	0	0	0	0	0	0	0	0	0
60095	24 Jun 16	10:36:10	1	0	0	0	0	0	1	4	3	3	0	1	4	0	0	0	0	0	0	0	0	0	0	0	0	0	0	0	0	0	0	0	0	0	0	0	0	0	0
60096	24 Jun 16	10:36:20	1	0	0	0	0	0	1	1	2	3	0	0	8	0	0	0	0	0	0	0	0	0	0	0	0	0	0	0	0	0	0	0	0	0	0	0	0	0	0
60097	24 Jun 16	10:36:30	1	0	0	0	0	0	1	2	2	2	0	0	1	1	0	0	0	0	0	0	0	0	0	0	0	0	0	0	0	0	0	0	0	0	0	0	0	0	0
60098	24 Jun 16	10:36:40	1	0	0	0	0	0	1	1	2	2	0	0	2	0	0	0	0	0	0	0	0	0	0	0	0	0	0	0	0	0	0	0	0	0	0	0	0	0	0
60099	24 Jun 16	10:36:50	1	0	0	0	0	0	1	4	1	2	0	0	3	0	0	0	0	0	0	0	0	0	0	0	0	0	0	0	0	0	0	0	0	0	0	0	0	0	0
60100	24 Jun 16	10:37:00	1	0	0	0	0	0	1	1	3	1	0	0	3	1	0	0	0	0	0	0	0	0	0	0	0	0	0	0	0	0	0	0	0	0	0	0	0	0	0
60101	24 Jun 16	10:37:10	1	0	0	0	0	0	1	2	3	3	0	0	1	3	0	0	0	0	0	0	0	0	0	0	0	0	0	0	0	0	0	0	0	0	0	0	0	0	0
60102	24 Jun 16	10:37:20	1	0	0	0	0	0	1	3	5	1	0	2	3	1	0	0	0	0	0	0	0	0	0	0	0	0	0	0	0	0	0	0	0	0	0	0	0	0	0
60103	24 Jun 16	10:37:30	1	0	0	0	0	0	1	2	1	5	0	0	2	2	0	0	0	0	0	0	0	0	0	0	0	0	0	0	0	0	0	0	0	0	0	0	0	0	0
60104	24 Jun 16	10:37:40	1	0	0	0	0	0	1	0	1	2	0	0	2	0	0	0	0	0	0	0	0	0	0	0	0	0	0	0	0	0	0	0	0	0	0	0	0	0	0
60105	24 Jun 16	10:37:50	1	0	0	0	0	0	1	0	0	1	0	0	3	2	0	0	0	0	0	0	0	0	0	0	0	0	0	0	0	0	0	0	0	0	0	0	0	0	0
60106	24 Jun 16	10:38:00	1	0	0	0	0	0	1	0	2	3	0	0	3	2	0	0	0	0	0	0	0	0	0	0	0	0	0	0	0	0	0	0	0	0	0	0	0	0	0
60107	24 Jun 16	10:38:10	1	0	0	0	0	0	1	1	1	2	0	0	1	2	0	0	0	0	0	0	0	0	0	0	0	0	0	0	0	0	0	0	0	0	0	0	0	0	0
60108	24 Jun 16	10:38:20	1	0	0	0	0	0	1	1	2	0	0	1	1	0	0	0	0	0	0	0	0	0	0	0	0	0	0	0	0	0	0	0	0	0	0	0	0	0	0
60109	24 Jun 16	10:38:30	1	0	0	0	0	0	1	3	2	0	0	0	1	1	0	0	0	0	0	0	0	0	0	0	0	0	0	0	0	0	0	0	0	0	0	0	0	0	0
60110	24 Jun 16	10:38:40	1	0	0	0	0	0	1	0	1	3	0	0	2	2	0	0	0	0	0	0	0	0	0	0	0	0	0	0	0	0	0	0	0	0	0	0	0	0	0
60111	24 Jun 16	10:38:50	1	0	0	0	0	0	1	2	2	1	0	3	3	0	0	0	0	0	0	0	0	0	0	0	0	0	0	0	0	0	0	0	0	0	0	0	0	0	0
60112	24 Jun 16	10:39:00	1	0	0	0	0	0	1	3	0	3	0	0	4	0	0	0	0	0	0	0	0	0	0	0	0	0	0	0	0	0	0	0	0	0	0	0	0	0	0
60113	24 Jun 16	10:39:10	1	0	0	0	0	0	1	2	2	1	0	0	4	0	0	0	0	0	0	0	0	0	0	0	0	0	0	0	0	0	0	0	0	0	0	0	0	0	0
60114	24 Jun 16	10:39:20	1	0	0	0	0	0	1	1	0	1	0	0	3	2	0	0	0	0	0	0	0	0	0	0	0	0	0	0	0	0	0	0	0	0	0	0	0	0	0
60115	24 Jun 16	10:39:30	1	0	0	0	0	0	1	2	2	2	0	1	3	1	0	0	0	0	0	0	0	0	0	0	0	0	0	0	0	0	0	0	0	0	0	0	0	0	0
60116	24 Jun 16	10:39:40	1	0	0	0	0	0	1	0	1	6	0	1	4	2	0	0	0	0	0	0	0	0	0	0	0	0	0	0	0	0	0	0	0	0	0	0	0	0	0
60117	24 Jun 16	10:39:50	1	0	0	0	0	0	1	1	2	1	0	0	2	2	0	0	0	0	0	0	0	0	0	0	0	0	0	0	0	0	0	0	0	0	0	0	0	0	0
60118	24 Jun 16	10:40:00	1	0	0	0	0	0	1	2	2	2	0	0	1	2	0	0	0	0	0	0	0	0	0	0	0	0	0	0	0	0	0	0	0	0	0	0	0	0	0
60119	24 Jun 16	10:40:10	1	0	0	0	0	0	1	2	0	2	0	0	0	2	0	0	0	0	0	0	0	0	0	0	0	0	0	0	0	0	0	0	0	0	0	0	0	0	0
60120	24 Jun 16	10:40:20	1	0	0	0	0	0	1	2	0	0	0	1	3	3	0	0	0	0	0	0	0	0	0	0	0	0	0	0	0	0	0	0	0	0	0	0	0	0	0
60121	24 Jun 16	10:40:30	1	0	0	0	0	0	1	2	1	1	0	0	3	2	0	0	0	0	0	0	0	0	0	0	0	0	0	0	0	0	0	0	0	0	0	0	0	0	0
60122	24 Jun 16	10:40:40	1	0	0	0	0	0	1	0	1	1	0	0	4	2	0	0	0	0	0	0	0	0	0	0	0	0	0	0	0	0	0	0	0	0	0	0	0	0	0
60123	24 Jun 16	10:40:50	1	0	0	0	0	0	1	0	2	4	0	0	5	1	0	0	0	0	0	0	0	0	0	0	0	0	0	0	0	0	0	0	0	0	0	0	0	0	0
60124	24 Jun 16	10:41:00	1	0	0	0	0	0	1	3	0	1	0	1	1	2	0	0	0	0	0	0	0	0	0	0	0	0	0	0	0	0	0	0	0	0	0	0	0	0	0
60125	24 Jun 16	10:41:10	1	0	0	0	0	0	1	0	1	2	0	0	1	0	0	0	0	0	0	0	0	0	0	0	0	0	0	0	0	0	0	0	0	0	0	0	0	0	0
60126	24 Jun 16	10:41:20	1	0	0	0	0	0	1	0	3	1	0	0	4	0	0	0	0	0	0	0	0	0	0	0	0	0	0	0	0	0	0	0	0	0	0	0	0	0	0
60127	24 Jun 16	10:41:30	1	0	0	0	0	0	1	1	1	2	0	3	2	0	0	0	0	0	0	0	0	0	0	0	0	0	0	0	0	0	0	0	0	0	0	0	0	0	0
60128	24 Jun 16	10:41:40	1	0	0	0	0	0	1	2	2	1	0	0	5	0	0	0	0	0	0	0	0	0	0	0	0	0	0	0	0	0	0	0	0	0	0	0	0	0	0
60129	24 Jun 16	10:41:50	1	0	0	0	0	0	1	3	2	2	0	0	2	1	0	0	0	0	0	0	0	0	0	0	0	0	0	0	0	0	0	0	0	0	0	0	0	0	0
60130	24 Jun 16	10:42:00	1	0	0	0	0	0	1	0	1	1	0	0	2	0	0	0	0	0	0	0	0	0	0	0	0	0	0	0	0	0	0	0	0	0	0	0	0	0	0
60131	24 Jun 16	10:42:10	1	0	0	0	0	0	1	2	1	2	0	0	3	1	0	0	0	0	0	0	0	0	0	0	0	0	0	0	0	0	0	0	0	0	0	0	0	0	0
60132	24 Jun 16	10:42:20	1	0	0	0	0	0	1	2	1	0	0	0	2	1	0	0	0	0	0	0	0	0	0	0	0	0	0	0	0	0	0	0	0	0	0	0	0	0	0
60133	24 Jun 16	10:42:30	1	0	0	0	0	0	1	1	1	3	0	1	0	0	0	0	0	0	0	0	0	0	0	0	0	0	0	0	0	0	0	0	0	0	0	0	0	0	0
60134	24 Jun 16	10:42:40	1	0	0	0	0	0	1	1	1	2	0	0	0	1	0	0	0	0	0	0	0	0	0	0	0	0	0	0	0	0	0	0	0	0	0	0	0	0	0
60135	24 Jun 16	10:42:50	1	0	0	0	0	0	1	0	1	0	0	1	1	0	0	0	0	0	0	0	0	0	0	0	0	0	0	0	0	0	0	0	0	0	0	0	0	0	0
60136	24 Jun 16	10:43:00	1	0	0	0	0	0	1	1	0	2	0	1	0	3	0	0	0	0	0	0	0	0	0	0	0	0	0	0	0	0	0	0	0	0	0	0	0	0	0
60137	24 Jun 16	10:43:10	1	0	0	0	0	0	1	0	0	0	0	0	2	1	0	0	0	0	0	0	0	0	0	0	0	0	0	0	0	0	0	0	0	0	0	0	0	0	0
60138	24 Jun 16	10:43:20	1	0	0	0	0	0	1	0	0	1	0	0	1	0	0	0	0	0	0	0	0	0	0	0	0	0	0	0	0	0	0	0	0	0	0	0	0	0	0
60139	24 Jun 16	10:43:30	1	0	0	0	0	0	1	3	0	2	0	0	2	0	0	0	0	0	0	0	0	0	0	0	0	0	0	0	0	0	0	0	0	0	0	0	0	0	0
60140	24 Jun 16	10:43:40	1	0	0	0	0	0	1	3	0	1	0	0	2	0	0	0	0	0	0	0	0	0	0	0	0	0	0	0	0	0	0	0	0	0	0	0	0	0	0
60141	24 Jun 16	10:43:50	1	0	0	0	0	0	1	0	0	2	0	0	4	0	0	0	0	0	0	0	0	0	0	0	0	0	0	0	0	0	0	0	0	0	0	0	0	0	0
60142	24 Jun 16	10:44:00	1	0	0	0	0	0	1	2	1	0	0	0	2	1	0	0	0	0	0	0	0	0	0	0	0	0	0	0	0	0	0	0	0	0	0	0	0	0	0
60143	24 Jun 16	10:44:10	1	0	0	0	0	0	1	1	0	0	0	0	3	2	0	0	0	0	0	0	0	0	0	0	0	0	0	0	0	0	0	0	0	0	0	0	0	0	0
60144	24 Jun 16	10:44:20	1	0	0	0	0	0	1	2	1	4	0	0	5	1	0	0	0	0	0	0	0	0	0	0	0	0	0	0	0	0	0	0	0	0	0	0	0	0	0
60145	24 Jun 16	10:44:30	1	0	0	0	0	0	1	2	0	3	0	0	1	1	0	0	0	0	0	0	0	0	0	0	0	0	0	0	0	0	0	0	0	0	0	0	0	0	0
60146	24 Jun 16	10:44:40	1	0	0	0	0	0	1	0	1	1	0	0	2	1	0	0	0	0	0	0	0	0	0	0	0	0	0	0	0	0	0	0	0	0	0	0	0	0	0
60147	24 Jun 16	10:44:50	1	0	0	0	0	0	1	1	2	2	0	1	3	1	0	0	0	0	0	0	0	0	0	0	0	0	0	0	0	0	0	0	0	0	0	0	0	0	0
60148	24 Jun 16	10:45:00	1	0	0	0	0	0	1	1	3	4	0	0	2	5	0	0	0	0	0	0	0	0	0	0	0	0	0	0	0	0	0	0	0	0	0	0	0	0	0
60149	24 Jun 16	10:45:10	1	0	0	0	0	0	1	0	1	1	0	0	1	2	0	0	0	0	0	0	0	0	0	0	0	0	0	0	0	0	0	0	0	0	0	0	0	0	0
60150	24 Jun 16	10:45:20	1	0	0	0	0	0	1	1	3	2	0	0	3	4	0	0	0	0	0	0	0	0	0	0	0	0	0	0	0	0	0	0	0	0	0	0	0	0	0
60151	24 Jun 16	10:45:30	1	0	0	0	0	0	1	1	3	0	0	0	0	4	0	0	0	0	0	0	0	0	0	0	0	0	0	0	0	0	0	0	0	0	0	0	0	0	0
60152	24 Jun 16	10:45:40	1	0	0	0	0	0	1	3	4	5	0	0	2	2	0	0	0	0	0	0	0	0	0	0	0	0	0	0	0	0	0	0	0	0	0	0	0	0	0
60153	24 Jun 16	10:45:50	1	0	0	0	0	0	1	2	2	1	0	0	3	3	0	0	0	0	0	0	0	0	0	0	0	0	0	0	0	0	0	0	0	0	0	0	0	0	0
60154	24 Jun 16	10:46:00	1	0	0	0	0	0	1	0	5	4	0	0	3	6	0	0	0	0	0	0	0	0	0	0	0	0	0	0	0	0	0	0	0	0	0	0	0	0	0
60155	24 Jun 16	10:46:10	1	0	0	0	0	0	1	3	4	3	0	0	3	0	0	0	0	0	0	0	0	0	0	0	0	0	0	0	0	0	0	0	0	0	0	0	0	0	0
60156	24 Jun 16	10:46:20	1	0	0	0	0	0	1	3	4	2	0	0	1	0	0	0	0	0	0	0	0	0	0	0	0	0	0	0	0	0	0	0	0	0	0	0	0	0	0
60157	24 Jun 16	10:46:30	1	0	0	0	0	0	1	3	3	2	0	0	2	0	0	0	0	0	0	0	0	0	0	0	0	0	0	0	0	0	0	0	0	0	0	0	0	0	0
60158	24 Jun 16	10:46:40	1	0	0	0	0	0	1	2	6	1	0	0	1	0	0	0	0	0	0	0	0	0	0	0	0	0	0	0	0	0	0	0	0	0	0	0	0	0	0
60159	24 Jun 16	10:46:50	1	0	0	0	0	0	1	1	2	0	0	0	5	0	0	0	0	0	0	0	0	0	0	0	0	0	0	0	0	0	0	0	0	0	0	0	0	0	0
60160	24 Jun 16	10:47:00	1	0	0	0	0	0	1	3	1	4	0	0	1	0	0	0	0	0	0	0	0	0	0	0	0	0	0	0	0	0	0	0	0	0	0	0	0	0	0
60161	24 Jun 16	10:47:10	1	0	0	0	0	0	1	2	4	2	0	0	2	0	0	0	0	0	0	0	0	0	0	0	0	0	0	0	0	0	0	0	0	0	0	0	0	0	0
60162	24 Jun 16	10:47:20	1	0	0	0	0	0	1	2	3	4	0	0	3	0	0	0	0	0	0	0	0	0	0	0	0	0	0	0	0	0	0	0	0	0	0	0	0	0	0
60163	24 Jun 16	10:47:30	1	0	0	0	0	0	1	0	3	7	0	0	2	0	0	0	0	0	0	0	0	0	0	0	0	0	0	0	0	0	0	0	0	0	0	0	0	0	0
60164	24 Jun 16	10:47:40	1	0	0	0	0	0	1	6	1	2	0	0	1	1	0	0	0	0	0	0	0	0	0	0	0	0	0	0	0	0	0	0	0	0	0	0	0	0	0
60165	24 Jun 16	10:47:50	1	0	0	0	0	0	1	4	2	2	0	0	0	1	0	0	0	0	0	0	0	0	0	0	0	0	0	0	0	0	0	0	0	0	0	0	0	0	0
60166	24 Jun 16	10:48:00	1	0	0	0	0	0	1	3	4	6	0	0	3	4	0	0	0	0	0	0	0	0	0	0	0	0	0	0	0	0	0	0	0	0	0	0	0	0	0
60167	24 Jun 16	10:48:10	1	0	0	0	0	0	1	6	1	4	0	0	3	0	0	0	0	0	0	0	0	0	0	0	0	0	0	0	0	0	0	0	0	0	0	0	0	0	0
60168	24 Jun 16	10:48:20	1	0	0	0	0	0	1	2	0	2	0	0	1	0	0	0	0	0	0	0	0	0	0	0	0	0	0	0	0	0	0	0	0	0	0	0	0	0	0
60169	24 Jun 16	10:48:30	1	0	0	0	0	0	1	3	0	3	0	0	1	1	0	0	0	0	0	0	0	0	0	0	0	0	0	0	0	0	0	0	0	0	0	0	0	0	0
60170	24 Jun 16	10:48:40	1	0	0	0	0	0	1	1	0	1	0	0	3	0	0	0	0	0	0	0	0	0	0	0	0	0	0	0	0	0	0	0	0	0	0	0	0	0	0
60171	24 Jun 16	10:48:50	1	0	0	0	0	0	1	1	1	1	0	0	2	0	0	0	0	0	0	0	0	0	0	0	0	0	0	0	0	0	0	0	0	0	0	0	0	0	0
60172	24 Jun 16	10:49:00	1	0	0	0	0	0	1	0	1	2	0	0	1	0	0	0	0	0	0	0	0	0	0	0	0	0	0	0	0	0	0	0	0	0	0	0	0	0	0
60173	24 Jun 16	10:49:10	1	0	0	0	0	0	1	0	3	2	0	0	2	0	0	0	0	0	0	0	0	0	0	0	0	0	0	0	0	0	0	0	0	0	0	0	0	0	0
60174	24 Jun 16	10:49:20	1	0	0	0	0	0	1	3	2	1	0	0	0	0	0	0	0	0	0	0	0	0	0	0	0	0	0	0	0	0	0	0	0	0	0	0	0	0	0
60175	24 Jun 16	10:49:30	1	0	0	0	0	0	1	0	4	0	0	0	2	0	0	0	0	0	0	0	0	0	0	0	0	0	0	0	0	0	0	0	0	0	0	0	0	0	0
60176	24 Jun 16	10:49:40	1	0	0	0	0	0	1	2	1	0	0	0	2	1	0	0	0	0	0	0	0	0	0	0	0	0	0	0	0	0	0	0	0	0	0	0	0	0	0
60177	24 Jun 16	10:49:50	1	0	0	0	0	0	1	1	4	2	0	0	4	0	0	0	0	0	0	0	0	0	0	0	0	0	0	0	0	0	0	0	0	0	0	0	0	0	0
60178	24 Jun 16	10:50:00	1	0	0	0	0	0	1	2	2	1	0	0	3	2	0	0	0	0	0	0	0	0	0	0	0	0	0	0	0	0	0	0	0	0	0	0	0	0	0
60179	24 Jun 16	10:50:10	1	0	0	0	0	0	1	1	0	1	0	0	4	3	0	0	0	0	0	0	0	0	0	0	0	0	0	0	0	0	0	0	0	0	0	0	0	0	0
60180	24 Jun 16	10:50:20	1	0	0	0	0	0	1	1	0	1	0	0	3	0	0	0	0	0	0	0	0	0	0	0	0	0	0	0	0	0	0	0	0	0	0	0	0	0	0
60181	24 Jun 16	10:50:30	1	0	0	0	0	0	1	0	0	3	0	0	6	0	0	0	0	0	0	0	0	0	0	0	0	0	0	0	0	0	0	0	0	0	0	0	0	0	0
60182	24 Jun 16	10:50:40	1	0	0	0	0	0	1	2	1	3	0	0	1	0	0	0	0	0	0	0	0	0	0	0	0	0	0	0	0	0	0	0	0	0	0	0	0	0	0
60183	24 Jun 16	10:50:50	1	0	0	0	0	0	1	1	1	1	0	0	0	3	0	0	0	0	0	0	0	0	0	0	0	0	0	0	0	0	0	0	0	0	0	0	0	0	0
60184	24 Jun 16	10:51:00	1	0	0	0	0	0	1	1	1	2	0	0	0	2	0	0	0	0	0	0	0	0	0	0	0	0	0	0	0	0	0	0	0	0	0	0	0	0	0
60185	24 Jun 16	10:51:10	1	0	0	0	0	0	1	7	2	2	0	0	1	1	0	0	0	0	0	0	0	0	0	0	0	0	0	0	0	0	0	0	0	0	0	0	0	0	0
60186	24 Jun 16	10:51:20	1	0	0	0	0	0	1	2	2	5	0	0	1	0	0	0	0	0	0	0	0	0	0	0	0	0	0	0	0	0	0	0	0	0	0	0	0	0	0
