46487	27 Mar 16	02:00:00	1	14	0	0	0	0	0	0	0	0	30	29	0	0	41	2	12	0	51	17	45	10	0	15	11	0	0	0	39	3	0	0	47	3	0	17	88	0	3
46502	27 Mar 16	02:30:00	1	14	0	0	0	0	0	0	0	0	5	18	0	0	7	0	1	0	4	2	0	0	0	0	0	1	20	0	0	0	44	0	0	0	0	0	2	0	0
46517	27 Mar 16	03:00:00	1	14	0	0	0	0	0	0	16	32	8	0	45	14	29	3	0	0	0	0	0	11	0	0	0	30	25	0	3	0	6	0	7	0	0	0	0	8	22
46532	27 Mar 16	03:30:00	1	14	0	0	0	0	0	32	0	44	54	26	0	16	0	8	37	0	0	19	16	6	0	49	0	0	0	0	0	0	0	20	14	20	24	0	0	18	9
46547	27 Mar 16	04:00:00	1	14	0	0	0	0	0	0	4	0	0	2	32	0	0	29	0	0	7	0	79	0	17	3	8	0	15	16	25	16	1	2	0	8	40	0	23	0	13
46562	27 Mar 16	04:30:00	1	14	0	0	0	0	0	15	20	0	0	27	35	0	0	0	0	0	105	9	14	23	0	38	48	0	8	18	6	0	23	0	12	15	0	38	6	0	14
46577	27 Mar 16	05:00:00	1	14	0	0	0	0	0	0	0	16	16	0	21	0	0	3	0	0	13	0	30	1	2	0	0	0	5	0	0	2	83	0	9	0	0	0	0	1	0
46592	27 Mar 16	05:30:00	1	14	0	0	0	0	0	0	6	18	6	11	0	37	41	0	0	0	3	22	8	39	54	1	18	27	22	3	3	0	61	10	0	0	10	4	0	30	8
46607	27 Mar 16	06:00:00	1	14	0	0	0	0	0	7	0	0	0	33	16	13	33	4	0	0	4	28	5	8	27	19	18	23	2	0	22	6	136	0	18	28	2	43	2	19	5
46622	27 Mar 16	06:30:00	1	14	0	0	0	0	0	0	10	101	10	22	46	0	0	26	11	0	52	18	40	15	2	2	1	0	23	13	5	44	0	0	10	8	62	23	0	0	4
46637	27 Mar 16	07:00:00	1	14	0	0	0	0	0	0	5	13	20	0	40	0	0	16	19	0	0	18	50	17	0	61	20	18	0	3	2	9	0	6	5	0	44	27	3	1	55
46652	27 Mar 16	07:30:00	1	14	0	0	0	0	0	7	7	35	12	1	12	0	22	7	0	0	0	11	57	13	55	15	0	12	10	42	6	17	0	6	8	27	23	0	38	41	10
46667	27 Mar 16	08:00:00	1	14	0	0	0	0	0	11	2	9	29	27	8	28	4	6	1	0	31	0	48	21	0	20	16	2	28	26	28	9	22	23	16	31	39	68	26	30	20
46682	27 Mar 16	08:30:00	1	14	0	0	0	0	1	10	27	44	24	48	11	10	15	32	26	0	61	34	34	22	25	27	23	30	44	25	25	38	67	16	30	35	57	65	52	20	25
46697	27 Mar 16	09:00:00	1	14	0	0	0	0	1	6	13	29	7	41	19	24	15	45	14	0	48	29	47	34	32	37	27	19	45	11	31	43	69	15	37	56	62	48	56	39	24
46712	27 Mar 16	09:30:00	1	14	0	0	0	0	1	0	6	25	17	28	25	1	5	28	11	0	31	30	51	25	40	13	24	10	44	19	22	12	42	29	26	26	46	48	48	29	24
46727	27 Mar 16	10:00:00	1	14	0	0	0	0	1	8	13	16	12	28	9	14	5	14	8	0	22	9	42	23	12	24	14	28	30	12	31	16	46	15	23	23	43	50	40	15	11
46742	27 Mar 16	10:30:00	1	14	0	0	0	0	1	4	9	19	18	15	4	4	2	19	12	0	44	6	36	12	25	6	8	8	25	6	10	12	48	2	20	14	31	48	12	23	27
46757	27 Mar 16	11:00:00	1	14	0	0	0	0	1	4	7	18	11	13	4	6	0	21	11	0	17	6	44	17	1	16	6	2	14	7	3	12	44	9	8	9	26	24	21	6	5
46772	27 Mar 16	11:30:00	1	14	0	0	0	0	1	0	7	6	7	0	0	1	0	25	1	0	7	6	30	11	13	7	10	1	25	15	16	22	18	0	5	18	33	31	26	13	0
46787	27 Mar 16	12:00:00	1	14	0	0	0	0	1	11	8	76	8	8	9	12	0	0	7	0	38	9	19	8	0	3	2	1	12	6	11	25	28	21	0	9	24	19	13	7	2
46802	27 Mar 16	12:30:00	1	14	0	0	0	0	1	2	4	0	7	15	4	4	2	13	6	0	2	2	24	18	0	5	4	9	9	4	10	13	22	17	0	9	7	21	15	16	0
46817	27 Mar 16	13:00:00	1	14	0	0	0	0	1	0	3	0	8	2	0	8	2	23	3	0	8	12	44	4	7	0	8	6	10	7	5	7	13	0	14	14	12	16	5	7	3
46832	27 Mar 16	13:30:00	1	14	0	0	0	0	1	5	7	14	7	10	3	0	0	8	0	0	5	10	22	13	16	4	7	2	13	4	6	9	20	6	10	5	12	30	10	6	2
46847	27 Mar 16	14:00:00	1	14	0	0	0	0	1	11	5	0	0	9	8	15	22	7	4	0	0	4	2	0	0	0	3	0	15	5	4	0	14	2	17	22	11	23	12	5	4
46862	27 Mar 16	14:30:00	1	14	0	0	0	0	1	2	14	11	5	20	2	9	0	0	6	0	7	15	38	16	13	9	7	6	11	7	4	13	12	5	14	12	20	15	23	12	0
46877	27 Mar 16	15:00:00	1	14	0	0	0	0	1	10	9	2	18	11	2	0	0	16	11	0	25	12	34	8	9	2	8	14	8	10	11	20	13	10	8	2	16	16	4	4	3
46892	27 Mar 16	15:30:00	1	14	0	0	0	0	1	2	18	16	19	5	2	0	3	19	10	0	22	1	29	20	9	2	11	4	12	4	3	0	11	7	3	32	7	24	5	9	0
46907	27 Mar 16	16:00:00	1	14	0	0	0	0	1	2	12	11	6	22	20	0	9	23	0	0	3	11	17	12	12	1	8	9	39	5	0	13	25	0	11	25	12	25	7	3	0
46922	27 Mar 16	16:30:00	1	14	0	0	0	0	1	9	10	4	16	7	17	20	0	13	8	0	15	14	1	0	0	20	8	10	24	10	13	6	17	0	5	18	22	35	29	12	0
46937	27 Mar 16	17:00:00	1	14	0	0	0	0	1	2	10	7	7	18	0	10	16	10	3	0	4	12	26	16	8	5	6	10	3	19	5	19	11	16	25	7	14	26	21	20	14
46952	27 Mar 16	17:30:00	1	14	0	0	0	0	1	0	9	12	4	24	13	12	13	2	10	0	8	7	4	15	0	9	8	10	21	6	8	30	32	7	28	28	27	34	8	1	11
46967	27 Mar 16	18:00:00	1	14	0	0	0	0	1	8	10	18	68	11	18	0	0	20	22	0	2	7	59	15	6	9	4	18	27	13	7	33	23	10	9	30	20	28	19	7	3
46982	27 Mar 16	18:30:00	1	14	0	0	0	0	1	6	2	9	8	21	28	10	27	15	13	0	20	6	47	9	12	17	9	11	27	12	13	26	33	60	33	14	22	46	20	13	8
46997	27 Mar 16	19:00:00	1	14	0	0	0	0	1	9	6	18	16	20	14	2	15	38	3	0	7	21	42	25	5	4	17	11	20	13	19	25	35	7	11	14	31	72	17	17	8
47012	27 Mar 16	19:30:00	1	14	0	0	0	0	1	8	16	15	17	22	19	13	5	11	8	0	16	10	45	15	9	21	11	11	17	16	11	35	25	42	12	22	47	46	26	12	2
47027	27 Mar 16	20:00:00	1	14	0	0	0	0	1	12	10	25	7	26	22	11	22	17	18	0	16	30	46	25	23	15	12	21	14	25	27	38	43	53	27	19	39	47	30	50	18
47042	27 Mar 16	20:30:00	1	14	0	0	0	0	0	18	25	57	54	47	36	37	35	40	36	0	42	37	80	39	40	54	37	45	23	49	45	4	31	22	50	57	49	45	26	35	21
47057	27 Mar 16	21:00:00	1	14	0	0	0	0	0	40	33	57	57	33	48	46	32	33	33	0	2	0	51	40	29	51	31	35	8	4	0	0	1	3	38	9	62	23	4	38	20
47072	27 Mar 16	21:30:00	1	14	0	0	0	0	1	10	9	46	58	26	28	37	33	48	20	0	48	32	52	17	29	22	22	49	32	34	54	0	63	16	29	34	14	46	22	19	17
47087	27 Mar 16	22:00:00	1	14	0	0	0	0	0	6	0	0	9	0	7	15	3	0	0	0	0	2	0	0	0	0	2	21	0	0	0	0	1	0	0	0	0	0	0	0	30
47102	27 Mar 16	22:30:00	1	14	0	0	0	0	0	9	7	0	0	0	0	17	1	0	0	0	0	1	0	0	0	0	0	0	0	0	0	0	11	0	0	0	0	0	0	0	22
47117	27 Mar 16	23:00:00	1	14	0	0	0	0	0	0	52	2	3	16	0	0	1	0	0	0	0	12	0	11	0	0	6	0	36	0	0	0	0	7	0	47	0	0	15	9	0
47132	27 Mar 16	23:30:00	1	14	0	0	0	0	1	15	6	54	41	16	32	29	10	8	2	0	0	0	39	0	38	72	42	0	44	30	41	0	49	47	25	19	45	68	18	19	0
47147	28 Mar 16	00:00:00	1	14	0	0	0	0	0	0	0	0	0	0	0	0	0	0	0	0	0	10	0	0	0	5	2	0	0	3	0	0	1	0	0	0	0	0	0	1	3
47162	28 Mar 16	00:30:00	1	14	0	0	0	0	0	0	0	0	8	0	0	0	0	0	15	0	0	21	0	11	6	1	1	0	16	0	8	0	1	0	0	0	0	0	0	1	0
47177	28 Mar 16	01:00:00	1	14	0	0	0	0	0	0	6	6	0	0	19	0	0	0	0	0	0	0	55	0	0	21	1	21	23	0	16	0	15	0	6	33	0	0	0	1	0
47192	28 Mar 16	01:30:00	1	14	0	0	0	0	0	0	0	0	22	17	0	0	0	20	0	0	19	0	3	0	0	15	0	0	8	0	6	0	1	0	10	0	0	4	0	23	15
47207	28 Mar 16	02:00:00	1	14	0	0	0	0	0	0	6	0	16	30	0	0	25	16	0	0	17	4	8	4	22	46	45	0	18	0	0	0	38	36	9	18	0	16	65	3	20
47222	28 Mar 16	02:30:00	1	14	0	0	0	0	0	0	4	0	0	13	3	22	6	0	9	0	1	0	17	7	0	0	0	0	5	0	0	0	8	20	3	18	26	4	0	5	30
47237	28 Mar 16	03:00:00	1	14	0	0	0	0	0	0	11	0	0	24	19	9	25	2	0	0	0	13	61	0	3	0	0	0	43	21	12	0	0	2	30	0	0	0	1	1	0
47252	28 Mar 16	03:30:00	1	14	0	0	0	0	0	36	1	17	37	0	18	0	2	3	0	0	30	0	61	0	1	44	0	15	17	11	0	0	24	0	20	6	7	0	5	15	8
47267	28 Mar 16	04:00:00	1	14	0	0	0	0	0	0	11	0	17	8	0	0	13	16	15	0	6	0	26	15	0	0	21	10	0	28	40	0	30	10	0	21	1	0	2	0	0
47282	28 Mar 16	04:30:00	1	14	0	0	0	0	0	2	3	11	36	13	0	46	2	2	31	0	16	5	2	11	0	6	1	0	18	11	42	0	0	2	21	0	40	8	23	22	2
47297	28 Mar 16	05:00:00	1	14	0	0	0	0	0	0	0	3	3	48	14	0	0	0	0	0	10	5	82	8	0	0	2	0	18	2	4	0	0	0	0	52	35	0	17	11	30
47312	28 Mar 16	05:30:00	1	14	0	0	0	0	0	0	14	0	0	0	19	0	0	0	0	0	17	0	56	0	0	0	6	17	1	18	19	0	1	0	10	25	6	0	1	2	16
47327	28 Mar 16	06:00:00	1	14	0	0	0	0	0	5	7	15	30	13	0	2	22	19	11	0	0	33	55	14	5	19	19	3	20	1	0	1	47	0	7	36	23	11	12	0	0
47342	28 Mar 16	06:30:00	1	14	0	0	0	0	0	4	19	0	24	58	62	59	20	8	44	0	0	0	70	27	50	4	1	4	16	15	0	9	24	25	9	23	2	29	20	10	6
47357	28 Mar 16	07:00:00	1	14	0	0	0	0	0	0	5	0	16	10	12	0	0	15	2	0	0	21	36	15	0	20	18	35	21	31	23	1	6	11	14	27	34	7	16	45	9
47372	28 Mar 16	07:30:00	1	14	0	0	0	0	0	0	0	31	38	40	0	21	0	15	5	0	0	6	26	21	0	4	9	12	31	24	10	0	0	0	11	25	27	3	10	12	10
47387	28 Mar 16	08:00:00	1	14	0	0	0	0	0	7	18	7	41	26	18	11	4	14	4	0	19	0	35	7	23	17	15	0	18	27	18	0	75	7	4	30	37	27	15	20	4
47402	28 Mar 16	08:30:00	1	14	0	0	0	0	1	13	23	48	35	54	20	62	24	30	22	0	31	54	47	37	51	25	31	52	20	39	67	29	55	26	38	34	40	65	51	30	17
47417	28 Mar 16	09:00:00	1	14	0	0	0	0	1	14	15	46	40	53	36	14	41	27	38	0	32	74	48	44	39	67	29	38	23	27	27	5	60	28	22	27	51	54	51	38	25
47432	28 Mar 16	09:30:00	1	14	0	0	0	0	1	3	15	34	20	40	19	23	17	5	19	0	27	56	86	28	39	48	22	33	18	20	31	0	49	17	49	28	49	38	36	22	76
47447	28 Mar 16	10:00:00	1	14	0	0	0	0	1	6	12	18	20	33	12	12	2	21	25	0	31	46	59	24	60	29	21	29	10	13	10	27	37	13	16	25	40	33	37	35	35
47462	28 Mar 16	10:30:00	1	14	0	0	0	0	1	10	13	20	11	34	4	10	2	12	16	0	17	59	43	17	10	10	20	7	9	16	12	7	39	10	28	29	43	30	16	9	15
47477	28 Mar 16	11:00:00	1	14	0	0	0	0	1	0	23	17	20	23	13	3	8	0	15	0	24	13	58	29	11	1	9	22	14	5	39	0	27	8	25	18	36	30	12	7	31
47492	28 Mar 16	11:30:00	1	14	0	0	0	0	1	7	14	20	12	23	28	2	14	4	6	0	18	4	49	14	0	12	7	17	8	9	4	2	27	14	19	16	13	18	17	19	31
47507	28 Mar 16	12:00:00	1	14	0	0	0	0	1	3	4	14	11	5	6	12	0	0	9	0	13	5	37	6	2	49	11	1	22	15	10	34	35	20	9	39	14	19	19	6	17
47522	28 Mar 16	12:30:00	1	14	0	0	0	0	1	3	5	0	5	0	0	10	0	4	6	0	11	0	34	16	21	0	4	1	18	0	8	5	22	0	8	47	39	26	9	21	21
47537	28 Mar 16	13:00:00	1	14	0	0	0	0	1	0	9	14	7	26	8	13	7	3	5	0	16	12	66	4	4	0	0	28	22	3	1	10	28	0	1	15	19	33	16	12	7
47552	28 Mar 16	13:30:00	1	14	0	0	0	0	1	2	2	12	14	23	5	7	22	4	21	0	12	12	41	0	0	0	22	9	13	25	9	13	13	15	8	18	27	27	12	5	18
47567	28 Mar 16	14:00:00	1	14	0	0	0	0	1	0	5	0	11	6	0	0	0	0	9	0	9	0	56	11	21	13	0	0	32	12	5	5	19	3	8	10	10	16	5	6	24
47582	28 Mar 16	14:30:00	1	14	0	0	0	0	1	2	1	1	3	11	6	2	8	6	10	0	8	0	34	16	10	8	12	23	14	3	0	11	7	0	4	6	16	16	15	15	22
47597	28 Mar 16	15:00:00	1	14	0	0	0	0	1	3	3	31	9	30	5	10	8	7	12	0	10	19	54	13	9	8	16	5	12	6	5	6	38	5	14	16	8	19	23	14	18
47612	28 Mar 16	15:30:00	1	14	0	0	0	0	1	5	3	18	14	14	15	11	4	16	7	0	7	11	52	16	15	1	6	24	11	12	14	0	12	23	8	12	13	26	6	11	17
47627	28 Mar 16	16:00:00	1	14	0	0	0	0	1	0	4	32	6	29	8	0	0	1	0	0	8	26	45	2	10	2	17	22	3	8	0	1	24	0	5	8	13	27	25	5	35
47642	28 Mar 16	16:30:00	1	14	0	0	0	0	1	4	7	11	6	37	9	13	13	8	12	0	5	17	46	0	14	12	3	20	10	8	9	0	24	0	9	12	23	18	15	13	52
47657	28 Mar 16	17:00:00	1	14	0	0	0	0	1	3	9	2	9	28	13	13	12	21	13	0	9	5	46	21	22	0	17	13	0	20	8	5	6	16	8	2	2	15	24	13	35
47672	28 Mar 16	17:30:00	1	14	0	0	0	0	1	0	6	15	16	22	11	20	15	9	21	0	10	8	61	14	11	17	13	17	15	2	1	1	19	13	9	12	19	16	27	21	28
47687	28 Mar 16	18:00:00	1	14	0	0	0	0	1	10	29	35	14	22	11	11	14	5	7	0	27	11	47	16	44	25	13	19	16	17	9	4	19	28	26	33	21	25	15	25	8
47702	28 Mar 16	18:30:00	1	14	0	0	0	0	1	5	8	20	8	23	10	0	5	14	21	0	12	9	60	10	6	0	11	14	5	20	18	4	20	12	22	17	21	21	12	19	16
47717	28 Mar 16	19:00:00	1	14	0	0	0	0	1	7	4	19	14	27	15	14	12	3	12	0	26	18	49	11	32	8	10	23	13	14	16	6	21	13	25	34	28	21	27	59	21
47732	28 Mar 16	19:30:00	1	14	0	0	0	0	1	7	11	32	10	35	15	17	12	20	16	0	9	13	59	12	31	25	13	18	30	22	14	4	25	18	17	36	39	35	26	18	30
47747	28 Mar 16	20:00:00	1	14	0	0	0	0	1	4	5	22	26	38	19	13	17	22	21	0	11	29	42	13	26	23	20	24	8	17	24	6	41	17	24	27	35	36	21	20	17
47762	28 Mar 16	20:30:00	1	14	0	0	0	0	0	33	23	53	57	55	37	46	43	43	56	0	63	34	64	34	68	48	31	40	17	38	22	15	30	29	46	46	46	42	24	39	35
47777	28 Mar 16	21:00:00	1	14	0	0	0	0	0	51	22	60	43	49	40	42	35	45	48	0	26	5	64	45	51	59	33	43	19	34	0	0	0	18	35	3	51	20	0	40	46
47792	28 Mar 16	21:30:00	1	14	0	0	0	0	1	16	19	54	61	39	31	40	27	57	13	0	0	27	63	36	27	47	31	29	25	49	52	7	24	19	34	16	37	42	28	33	26
47807	28 Mar 16	22:00:00	1	14	0	0	0	0	0	0	17	34	50	0	22	39	12	2	0	0	0	0	54	12	0	15	30	37	1	0	2	0	4	3	18	3	0	0	0	2	0
47822	28 Mar 16	22:30:00	1	14	0	0	0	0	0	0	3	4	64	0	12	7	0	1	0	0	0	0	57	0	0	1	6	28	19	0	4	0	0	11	0	9	0	0	6	0	0
47837	28 Mar 16	23:00:00	1	14	0	0	0	0	0	0	0	0	14	35	0	2	0	0	0	0	0	0	56	0	0	5	0	0	24	16	6	1	0	1	0	19	0	0	0	0	11
47852	28 Mar 16	23:30:00	1	14	0	0	0	0	1	13	64	16	19	50	9	31	0	25	0	0	14	20	69	21	32	33	16	0	5	22	24	9	37	25	22	44	44	45	10	24	22
47867	29 Mar 16	00:00:00	1	14	0	0	0	0	0	0	0	0	0	33	13	0	0	0	0	0	1	0	52	0	0	0	0	0	31	0	0	2	0	0	0	2	2	0	0	0	10
47882	29 Mar 16	00:30:00	1	14	0	0	0	0	0	0	31	0	0	5	0	0	0	4	24	0	16	11	46	0	3	0	0	0	0	0	1	6	0	0	0	1	0	0	14	0	0
47897	29 Mar 16	01:00:00	1	14	0	0	0	0	0	4	0	0	25	0	0	0	0	0	0	0	8	5	60	7	0	0	0	0	12	9	20	1	0	0	0	43	0	0	0	0	39
47912	29 Mar 16	01:30:00	1	14	0	0	0	0	0	9	0	33	8	0	21	30	5	49	0	0	0	28	42	28	8	1	23	27	1	2	0	0	33	0	14	2	0	5	12	0	17
47927	29 Mar 16	02:00:00	1	14	0	0	0	0	0	0	12	0	0	22	2	8	11	30	16	0	0	14	59	0	20	0	0	9	0	15	0	5	0	20	0	27	11	0	0	21	1
47942	29 Mar 16	02:30:00	1	14	0	0	0	0	0	0	0	12	34	25	10	42	0	0	0	0	0	38	45	8	0	0	0	0	12	0	0	0	2	3	6	1	36	0	6	4	0
47957	29 Mar 16	03:00:00	1	14	0	0	0	0	0	0	0	1	0	1	5	11	0	23	0	0	0	0	43	0	0	0	0	0	2	3	8	0	40	2	14	6	1	0	0	1	30
47972	29 Mar 16	03:30:00	1	14	0	0	0	0	0	21	13	0	42	14	0	1	0	11	0	0	7	41	43	12	19	11	27	0	0	5	0	12	16	0	0	0	0	0	17	0	10
47987	29 Mar 16	04:00:00	1	14	0	0	0	0	0	0	0	27	7	9	0	7	0	1	27	0	6	1	49	10	0	7	0	11	17	0	42	1	1	20	14	61	40	25	2	25	0
48002	29 Mar 16	04:30:00	1	14	0	0	0	0	0	0	15	17	0	1	0	50	0	10	7	0	0	2	43	0	0	0	12	26	17	33	1	6	3	0	1	26	3	0	22	0	4
48017	29 Mar 16	05:00:00	1	14	0	0	0	0	0	24	15	15	0	14	13	2	52	22	0	0	3	28	70	22	56	0	9	1	10	2	0	18	26	0	13	9	20	0	12	0	18
48032	29 Mar 16	05:30:00	1	14	0	0	0	0	0	0	2	13	58	31	0	2	8	3	0	0	53	35	24	15	4	9	3	1	13	12	19	11	26	19	5	17	36	0	24	9	0
48047	29 Mar 16	06:00:00	1	14	0	0	0	0	0	0	4	7	26	70	0	54	0	1	7	0	5	0	45	21	0	3	0	24	9	11	8	41	1	0	15	29	0	1	7	17	4
48062	29 Mar 16	06:30:00	1	14	0	0	0	0	0	0	15	9	3	3	0	0	13	32	11	0	3	9	43	14	0	23	13	0	15	23	0	13	2	0	14	23	19	23	21	0	23
48077	29 Mar 16	07:00:00	1	14	0	0	0	0	0	0	0	0	2	0	11	0	2	4	0	0	7	28	27	13	0	16	2	50	7	29	9	1	45	22	5	5	24	4	0	7	16
48092	29 Mar 16	07:30:00	1	14	0	0	0	0	0	10	14	24	59	39	14	31	46	18	4	0	3	13	30	17	8	0	0	25	16	14	0	39	33	9	11	28	38	25	0	3	27
48107	29 Mar 16	08:00:00	1	14	0	0	0	0	0	26	2	42	35	10	9	4	17	12	0	0	10	12	31	15	0	22	30	17	6	7	3	19	21	3	9	38	34	1	15	17	0
48122	29 Mar 16	08:30:00	1	14	0	0	0	0	1	10	22	49	19	49	18	11	26	40	36	0	34	68	21	25	25	41	35	54	14	29	35	32	50	31	35	40	60	72	56	37	9
48137	29 Mar 16	09:00:00	1	14	0	0	0	0	1	16	17	37	27	34	23	19	11	40	35	0	28	61	42	40	29	40	30	45	18	28	35	36	43	36	34	30	51	36	58	47	53
48152	29 Mar 16	09:30:00	1	14	0	0	0	0	1	12	4	56	20	35	20	27	17	23	26	0	26	43	53	31	10	37	27	42	13	18	25	30	43	28	34	29	46	42	30	19	67
48167	29 Mar 16	10:00:00	1	14	0	0	0	0	1	11	8	30	15	34	16	9	4	23	26	0	33	23	11	30	6	42	18	24	8	16	19	19	38	21	28	22	46	30	43	19	33
48182	29 Mar 16	10:30:00	1	14	0	0	0	0	1	11	18	15	17	37	26	31	5	23	28	0	31	13	44	28	16	20	25	31	13	16	18	35	31	16	31	24	35	27	30	23	36
48197	29 Mar 16	11:00:00	1	14	0	0	0	0	1	10	18	32	13	31	16	9	2	9	19	0	25	4	42	20	5	25	19	11	16	4	17	15	34	1	13	25	31	51	17	23	25
48212	29 Mar 16	11:30:00	1	14	0	0	0	0	1	7	7	19	16	24	0	10	0	48	14	0	24	6	42	14	1	11	9	12	18	13	6	21	35	1	22	15	18	11	19	39	35
48227	29 Mar 16	12:00:00	1	14	0	0	0	0	1	14	38	17	12	22	0	4	0	7	16	0	7	5	27	7	0	0	16	11	4	4	4	15	15	28	13	23	31	77	18	5	3
48242	29 Mar 16	12:30:00	1	14	0	0	0	0	1	15	10	16	14	13	3	2	2	8	6	0	8	11	21	4	3	3	8	0	10	14	14	11	17	3	19	16	11	16	22	22	16
48257	29 Mar 16	13:00:00	1	14	0	0	0	0	1	7	7	17	16	23	29	29	0	9	9	0	27	2	20	10	2	23	10	35	10	6	11	10	14	15	22	7	20	18	8	18	16
48272	29 Mar 16	13:30:00	1	14	0	0	0	0	1	3	9	1	7	24	21	8	3	8	17	0	6	4	9	1	1	26	4	6	4	10	16	22	20	1	2	5	9	16	21	11	21
48287	29 Mar 16	14:00:00	1	14	0	0	0	0	1	0	8	16	8	26	4	12	2	1	8	0	16	0	0	26	8	11	8	18	11	7	1	2	0	19	10	8	26	19	22	11	14
48302	29 Mar 16	14:30:00	1	14	0	0	0	0	1	6	8	29	7	24	3	3	2	5	6	0	14	5	0	0	3	4	6	8	14	9	9	14	26	6	4	5	20	14	24	15	25
48317	29 Mar 16	15:00:00	1	14	0	0	0	0	1	10	5	15	11	25	9	0	5	18	9	0	4	8	0	16	3	9	6	19	10	9	6	18	12	21	3	9	16	18	21	10	28
48332	29 Mar 16	15:30:00	1	14	0	0	0	0	1	13	15	0	9	17	19	14	2	3	7	0	56	6	0	2	9	21	11	13	13	4	4	15	5	14	8	8	21	24	20	7	26
48347	29 Mar 16	16:00:00	1	14	0	0	0	0	1	9	3	21	12	13	10	4	16	10	15	0	12	24	0	4	13	6	9	20	13	12	2	3	28	5	12	11	17	19	11	9	20
48362	29 Mar 16	16:30:00	1	14	0	0	0	0	1	0	5	0	12	11	10	4	7	11	11	0	10	10	0	10	0	10	9	19	7	11	4	13	17	35	14	13	29	26	22	35	27
48377	29 Mar 16	17:00:00	1	14	0	0	0	0	1	10	8	26	8	27	15	1	0	23	9	0	11	8	0	19	15	30	5	20	10	10	16	20	7	0	4	3	20	26	11	12	20
48392	29 Mar 16	17:30:00	1	14	0	0	0	0	1	10	6	21	20	21	10	23	12	14	22	0	13	11	0	3	4	22	12	14	8	10	3	18	19	23	16	25	26	24	29	12	14
48407	29 Mar 16	18:00:00	1	14	0	0	0	0	1	13	5	19	20	14	19	7	10	25	17	0	8	13	0	20	17	9	21	24	12	24	11	16	20	22	18	18	30	19	19	34	25
48422	29 Mar 16	18:30:00	1	14	0	0	0	0	1	6	9	22	14	30	14	16	7	23	12	0	8	13	0	8	14	30	17	12	8	14	6	16	28	25	14	12	26	26	25	16	20
48437	29 Mar 16	19:00:00	1	14	0	0	0	0	1	13	3	24	20	22	20	17	24	13	15	0	21	17	29	9	31	29	13	29	9	12	8	33	17	13	11	10	45	41	28	20	2
48452	29 Mar 16	19:30:00	1	14	0	0	0	0	1	15	6	15	21	26	19	13	13	19	16	0	28	15	23	16	19	27	19	19	5	14	11	19	26	26	18	21	38	27	36	9	16
48467	29 Mar 16	20:00:00	1	14	0	0	0	0	1	21	14	32	22	33	22	11	20	24	13	0	33	20	26	10	25	22	17	23	8	19	3	25	26	11	32	31	40	35	42	17	18
48482	29 Mar 16	20:30:00	1	14	0	0	0	0	0	33	23	74	59	32	44	55	42	44	33	0	55	61	65	31	60	34	33	44	18	31	31	16	33	33	43	55	42	35	34	31	25
48497	29 Mar 16	21:00:00	1	14	0	0	0	0	0	43	27	46	47	30	38	35	27	41	40	0	48	23	55	30	46	37	45	40	29	27	6	7	0	23	49	20	48	19	1	33	45
48512	29 Mar 16	21:30:00	1	14	0	0	0	0	1	20	13	36	39	51	26	38	32	35	36	0	24	0	51	20	41	43	39	34	19	20	30	6	8	17	51	17	28	34	7	17	18
48527	29 Mar 16	22:00:00	1	14	0	0	0	0	0	9	11	52	61	15	33	36	17	1	10	0	0	19	0	13	28	29	26	34	8	20	0	0	0	0	37	0	0	0	0	0	39
48542	29 Mar 16	22:30:00	1	14	0	0	0	0	0	4	3	46	40	18	30	38	0	0	0	0	0	21	0	0	6	9	2	43	0	4	0	0	0	0	7	20	0	0	0	0	31
48557	29 Mar 16	23:00:00	1	14	0	0	0	0	0	0	0	8	41	11	5	11	0	0	0	0	0	1	33	0	1	0	0	0	0	8	0	0	0	0	0	1	0	0	0	0	16
48572	29 Mar 16	23:30:00	1	14	0	0	0	0	1	10	4	46	32	12	22	21	3	10	0	0	29	74	3	7	11	0	16	18	21	25	16	4	39	5	15	0	43	24	8	17	25
48587	30 Mar 16	00:00:00	1	14	0	0	0	0	0	0	2	0	36	0	0	5	1	0	10	0	0	15	0	0	0	0	0	0	3	0	0	0	0	0	0	0	0	3	0	0	3
48602	30 Mar 16	00:30:00	1	14	0	0	0	0	0	0	5	20	26	0	0	1	0	0	2	0	1	0	0	0	26	14	0	0	0	2	0	7	0	0	9	12	0	0	0	0	0
48617	30 Mar 16	01:00:00	1	14	0	0	0	0	0	0	14	1	28	28	16	1	12	0	0	0	4	0	0	4	23	2	11	0	6	2	7	0	0	0	5	0	0	0	0	1	0
48632	30 Mar 16	01:30:00	1	14	0	0	0	0	0	0	0	3	24	7	3	0	3	26	0	0	0	9	0	0	8	3	2	15	30	0	52	3	0	11	0	8	33	0	4	17	26
